time [h]	Qevap [W]
0	3733.33
1	3733.33
2	3733.33
3	0.00
4	0.00
5	0.00
6	0.00
7	3733.33
8	3733.33
9	3733.33
10	3733.33
11	0.00
12	0.00
13	3733.33
14	3733.33
15	3733.33
16	3733.33
17	3733.33
18	3733.33
19	0.00
20	0.00
21	3733.33
22	3733.33
23	3733.33
24	3733.33
25	3733.33
26	0.00
27	0.00
28	3733.33
29	3733.33
30	3733.33
31	3733.33
32	3733.33
33	3733.33
34	0.00
35	0.00
36	3733.33
37	3733.33
38	3733.33
39	3733.33
40	3733.33
41	0.00
42	0.00
43	3733.33
44	3733.33
45	3733.33
46	3733.33
47	3733.33
48	3733.33
49	0.00
50	0.00
51	3733.33
52	3733.33
53	3733.33
54	3733.33
55	3733.33
56	3733.33
57	0.00
58	0.00
59	3733.33
60	3733.33
61	3733.33
62	3733.33
63	0.00
64	0.00
65	3733.33
66	3733.33
67	3733.33
68	3733.33
69	3733.33
70	0.00
71	0.00
72	3733.33
73	3733.33
74	3733.33
75	3733.33
76	0.00
77	0.00
78	3733.33
79	3733.33
80	3733.33
81	3733.33
82	0.00
83	0.00
84	3733.33
85	3733.33
86	3733.33
87	3733.33
88	3733.33
89	3733.33
90	3733.33
91	0.00
92	0.00
93	3733.33
94	3733.33
95	3733.33
96	3733.33
97	3733.33
98	3733.33
99	0.00
100	0.00
101	3733.33
102	3733.33
103	3733.33
104	3733.33
105	3733.33
106	0.00
107	0.00
108	3733.33
109	3733.33
110	3733.33
111	3733.33
112	3733.33
113	3733.33
114	3733.33
115	0.00
116	0.00
117	3733.33
118	3733.33
119	3733.33
120	3733.33
121	3733.33
122	0.00
123	0.00
124	3733.33
125	3733.33
126	3733.33
127	3733.33
128	3733.33
129	0.00
130	0.00
131	3733.33
132	3733.33
133	3733.33
134	3733.33
135	0.00
136	0.00
137	3733.33
138	3733.33
139	3733.33
140	3733.33
141	3733.33
142	0.00
143	0.00
144	0.00
145	3733.33
146	3733.33
147	3733.33
148	0.00
149	0.00
150	0.00
151	0.00
152	3733.33
153	3733.33
154	3733.33
155	3733.33
156	3733.33
157	3733.33
158	0.00
159	0.00
160	0.00
161	3733.33
162	3733.33
163	3733.33
164	3733.33
165	3733.33
166	3733.33
167	0.00
168	0.00
169	0.00
170	0.00
171	0.00
172	0.00
173	0.00
174	3733.33
175	3733.33
176	3733.33
177	3733.33
178	3733.33
179	0.00
180	0.00
181	3733.33
182	3733.33
183	3733.33
184	3733.33
185	3733.33
186	3733.33
187	0.00
188	0.00
189	3733.33
190	3733.33
191	3733.33
192	3733.33
193	3733.33
194	0.00
195	0.00
196	3733.33
197	3733.33
198	3733.33
199	3733.33
200	0.00
201	0.00
202	3733.33
203	3733.33
204	3733.33
205	3733.33
206	0.00
207	0.00
208	3733.33
209	3733.33
210	3733.33
211	3733.33
212	3733.33
213	3733.33
214	0.00
215	0.00
216	3733.33
217	3733.33
218	3733.33
219	3733.33
220	0.00
221	0.00
222	3733.33
223	3733.33
224	3733.33
225	3733.33
226	3733.33
227	3733.33
228	0.00
229	0.00
230	3733.33
231	3733.33
232	3733.33
233	3733.33
234	3733.33
235	3733.33
236	0.00
237	0.00
238	3733.33
239	3733.33
240	3733.33
241	3733.33
242	3733.33
243	3733.33
244	0.00
245	0.00
246	3733.33
247	3733.33
248	3733.33
249	3733.33
250	3733.33
251	3733.33
252	0.00
253	0.00
254	3733.33
255	3733.33
256	3733.33
257	3733.33
258	3733.33
259	0.00
260	0.00
261	3733.33
262	3733.33
263	3733.33
264	3733.33
265	0.00
266	0.00
267	3733.33
268	3733.33
269	3733.33
270	3733.33
271	3733.33
272	0.00
273	0.00
274	3733.33
275	3733.33
276	3733.33
277	3733.33
278	3733.33
279	3733.33
280	0.00
281	0.00
282	3733.33
283	3733.33
284	3733.33
285	3733.33
286	3733.33
287	3733.33
288	3733.33
289	0.00
290	0.00
291	3733.33
292	3733.33
293	3733.33
294	3733.33
295	3733.33
296	0.00
297	0.00
298	3733.33
299	3733.33
300	3733.33
301	3733.33
302	0.00
303	0.00
304	3733.33
305	3733.33
306	3733.33
307	3733.33
308	3733.33
309	0.00
310	0.00
311	3733.33
312	3733.33
313	3733.33
314	3733.33
315	0.00
316	0.00
317	3733.33
318	3733.33
319	3733.33
320	3733.33
321	3733.33
322	3733.33
323	0.00
324	0.00
325	3733.33
326	3733.33
327	3733.33
328	3733.33
329	3733.33
330	3733.33
331	0.00
332	0.00
333	3733.33
334	3733.33
335	3733.33
336	3733.33
337	3733.33
338	3733.33
339	3733.33
340	0.00
341	0.00
342	3733.33
343	3733.33
344	3733.33
345	3733.33
346	0.00
347	0.00
348	3733.33
349	3733.33
350	3733.33
351	3733.33
352	3733.33
353	3733.33
354	0.00
355	0.00
356	3733.33
357	3733.33
358	3733.33
359	3733.33
360	0.00
361	0.00
362	3733.33
363	3733.33
364	3733.33
365	3733.33
366	3733.33
367	0.00
368	0.00
369	3733.33
370	3733.33
371	3733.33
372	3733.33
373	0.00
374	0.00
375	3733.33
376	3733.33
377	3733.33
378	3733.33
379	3733.33
380	3733.33
381	0.00
382	0.00
383	3733.33
384	3733.33
385	3733.33
386	3733.33
387	3733.33
388	0.00
389	0.00
390	3733.33
391	3733.33
392	3733.33
393	3733.33
394	3733.33
395	0.00
396	0.00
397	3733.33
398	3733.33
399	3733.33
400	3733.33
401	3733.33
402	3733.33
403	0.00
404	0.00
405	3733.33
406	3733.33
407	3733.33
408	3733.33
409	3733.33
410	0.00
411	0.00
412	3733.33
413	3733.33
414	3733.33
415	3733.33
416	0.00
417	0.00
418	3733.33
419	3733.33
420	3733.33
421	3733.33
422	3733.33
423	3733.33
424	0.00
425	0.00
426	3733.33
427	3733.33
428	3733.33
429	3733.33
430	3733.33
431	3733.33
432	3733.33
433	0.00
434	0.00
435	3733.33
436	3733.33
437	3733.33
438	3733.33
439	3733.33
440	3733.33
441	3733.33
442	0.00
443	0.00
444	3733.33
445	3733.33
446	3733.33
447	3733.33
448	3733.33
449	0.00
450	0.00
451	3733.33
452	3733.33
453	3733.33
454	3733.33
455	3733.33
456	0.00
457	0.00
458	3733.33
459	3733.33
460	3733.33
461	3733.33
462	3733.33
463	3733.33
464	0.00
465	0.00
466	3733.33
467	3733.33
468	3733.33
469	3733.33
470	0.00
471	0.00
472	3733.33
473	3733.33
474	3733.33
475	3733.33
476	0.00
477	0.00
478	3733.33
479	3733.33
480	3733.33
481	3733.33
482	3733.33
483	0.00
484	0.00
485	3733.33
486	3733.33
487	3733.33
488	3733.33
489	0.00
490	0.00
491	3733.33
492	3733.33
493	3733.33
494	3733.33
495	0.00
496	0.00
497	3733.33
498	3733.33
499	3733.33
500	3733.33
501	3733.33
502	0.00
503	0.00
504	3733.33
505	3733.33
506	3733.33
507	3733.33
508	0.00
509	0.00
510	3733.33
511	3733.33
512	3733.33
513	3733.33
514	3733.33
515	0.00
516	0.00
517	3733.33
518	3733.33
519	3733.33
520	3733.33
521	0.00
522	0.00
523	3733.33
524	3733.33
525	3733.33
526	3733.33
527	3733.33
528	3733.33
529	0.00
530	0.00
531	3733.33
532	3733.33
533	3733.33
534	3733.33
535	0.00
536	0.00
537	3733.33
538	3733.33
539	3733.33
540	3733.33
541	3733.33
542	0.00
543	0.00
544	3733.33
545	3733.33
546	3733.33
547	3733.33
548	0.00
549	0.00
550	3733.33
551	3733.33
552	3733.33
553	3733.33
554	3733.33
555	3733.33
556	0.00
557	0.00
558	3733.33
559	3733.33
560	3733.33
561	3733.33
562	3733.33
563	3733.33
564	0.00
565	0.00
566	3733.33
567	3733.33
568	3733.33
569	3733.33
570	0.00
571	0.00
572	3733.33
573	3733.33
574	3733.33
575	3733.33
576	3733.33
577	0.00
578	0.00
579	3733.33
580	3733.33
581	3733.33
582	3733.33
583	0.00
584	0.00
585	3733.33
586	3733.33
587	3733.33
588	3733.33
589	0.00
590	0.00
591	3733.33
592	3733.33
593	3733.33
594	3733.33
595	0.00
596	0.00
597	3733.33
598	3733.33
599	3733.33
600	3733.33
601	3733.33
602	0.00
603	0.00
604	3733.33
605	3733.33
606	3733.33
607	3733.33
608	3733.33
609	3733.33
610	0.00
611	0.00
612	3733.33
613	3733.33
614	3733.33
615	3733.33
616	3733.33
617	0.00
618	0.00
619	3733.33
620	3733.33
621	3733.33
622	3733.33
623	3733.33
624	0.00
625	0.00
626	3733.33
627	3733.33
628	3733.33
629	3733.33
630	3733.33
631	0.00
632	0.00
633	3733.33
634	3733.33
635	3733.33
636	3733.33
637	3733.33
638	0.00
639	0.00
640	3733.33
641	3733.33
642	3733.33
643	3733.33
644	0.00
645	0.00
646	3733.33
647	3733.33
648	3733.33
649	3733.33
650	3733.33
651	3733.33
652	0.00
653	0.00
654	3733.33
655	3733.33
656	3733.33
657	3733.33
658	3733.33
659	3733.33
660	0.00
661	0.00
662	3733.33
663	3733.33
664	3733.33
665	3733.33
666	3733.33
667	0.00
668	0.00
669	3733.33
670	3733.33
671	3733.33
672	3733.33
673	3733.33
674	3733.33
675	0.00
676	0.00
677	3733.33
678	3733.33
679	3733.33
680	3733.33
681	3733.33
682	3733.33
683	3733.33
684	0.00
685	0.00
686	3733.33
687	3733.33
688	3733.33
689	3733.33
690	3733.33
691	3733.33
692	0.00
693	0.00
694	3733.33
695	3733.33
696	3733.33
697	3733.33
698	3733.33
699	0.00
700	0.00
701	3733.33
702	3733.33
703	3733.33
704	3733.33
705	3733.33
706	3733.33
707	0.00
708	0.00
709	3733.33
710	3733.33
711	3733.33
712	3733.33
713	3733.33
714	3733.33
715	0.00
716	0.00
717	3733.33
718	3733.33
719	3733.33
720	3733.33
721	0.00
722	0.00
723	3733.33
724	3733.33
725	3733.33
726	3733.33
727	3733.33
728	3733.33
729	0.00
730	0.00
731	3733.33
732	3733.33
733	3733.33
734	3733.33
735	0.00
736	0.00
737	3733.33
738	3733.33
739	3733.33
740	3733.33
741	0.00
742	0.00
743	3733.33
744	3733.33
745	3733.33
746	3733.33
747	3733.33
748	0.00
749	0.00
750	3733.33
751	3733.33
752	3733.33
753	3733.33
754	3733.33
755	3733.33
756	3733.33
757	0.00
758	0.00
759	3733.33
760	3733.33
761	3733.33
762	3733.33
763	3733.33
764	3733.33
765	3733.33
766	0.00
767	0.00
768	3733.33
769	3733.33
770	3733.33
771	3733.33
772	0.00
773	0.00
774	3733.33
775	3733.33
776	3733.33
777	3733.33
778	0.00
779	0.00
780	3733.33
781	3733.33
782	3733.33
783	3733.33
784	3733.33
785	3733.33
786	0.00
787	0.00
788	3733.33
789	3733.33
790	3733.33
791	3733.33
792	3733.33
793	3733.33
794	0.00
795	0.00
796	3733.33
797	3733.33
798	3733.33
799	3733.33
800	3733.33
801	0.00
802	0.00
803	3733.33
804	3733.33
805	3733.33
806	3733.33
807	3733.33
808	3733.33
809	3733.33
810	0.00
811	0.00
812	3733.33
813	3733.33
814	3733.33
815	3733.33
816	3733.33
817	3733.33
818	0.00
819	0.00
820	3733.33
821	3733.33
822	3733.33
823	3733.33
824	3733.33
825	0.00
826	0.00
827	3733.33
828	3733.33
829	3733.33
830	3733.33
831	3733.33
832	3733.33
833	3733.33
834	0.00
835	0.00
836	3733.33
837	3733.33
838	3733.33
839	3733.33
840	0.00
841	0.00
842	3733.33
843	3733.33
844	3733.33
845	3733.33
846	3733.33
847	3733.33
848	3733.33
849	0.00
850	0.00
851	3733.33
852	3733.33
853	3733.33
854	3733.33
855	3733.33
856	3733.33
857	0.00
858	0.00
859	3733.33
860	3733.33
861	3733.33
862	3733.33
863	3733.33
864	3733.33
865	0.00
866	0.00
867	3733.33
868	3733.33
869	3733.33
870	3733.33
871	3733.33
872	3733.33
873	0.00
874	0.00
875	3733.33
876	3733.33
877	3733.33
878	3733.33
879	3733.33
880	0.00
881	0.00
882	3733.33
883	3733.33
884	3733.33
885	3733.33
886	3733.33
887	0.00
888	0.00
889	3733.33
890	3733.33
891	3733.33
892	3733.33
893	3733.33
894	0.00
895	0.00
896	3733.33
897	3733.33
898	3733.33
899	3733.33
900	0.00
901	0.00
902	3733.33
903	3733.33
904	3733.33
905	3733.33
906	3733.33
907	3733.33
908	0.00
909	0.00
910	3733.33
911	3733.33
912	3733.33
913	3733.33
914	3733.33
915	0.00
916	0.00
917	3733.33
918	3733.33
919	3733.33
920	3733.33
921	3733.33
922	0.00
923	0.00
924	3733.33
925	3733.33
926	3733.33
927	3733.33
928	0.00
929	0.00
930	3733.33
931	3733.33
932	3733.33
933	3733.33
934	3733.33
935	3733.33
936	3733.33
937	0.00
938	0.00
939	3733.33
940	3733.33
941	3733.33
942	3733.33
943	0.00
944	0.00
945	3733.33
946	3733.33
947	3733.33
948	3733.33
949	0.00
950	0.00
951	3733.33
952	3733.33
953	3733.33
954	3733.33
955	3733.33
956	3733.33
957	0.00
958	0.00
959	3733.33
960	3733.33
961	3733.33
962	3733.33
963	3733.33
964	0.00
965	0.00
966	3733.33
967	3733.33
968	3733.33
969	3733.33
970	3733.33
971	0.00
972	0.00
973	3733.33
974	3733.33
975	3733.33
976	3733.33
977	3733.33
978	3733.33
979	0.00
980	0.00
981	3733.33
982	3733.33
983	3733.33
984	3733.33
985	3733.33
986	0.00
987	0.00
988	3733.33
989	3733.33
990	3733.33
991	3733.33
992	3733.33
993	0.00
994	0.00
995	3733.33
996	3733.33
997	3733.33
998	3733.33
999	3733.33
1000	0.00
1001	0.00
1002	3733.33
1003	3733.33
1004	3733.33
1005	3733.33
1006	3733.33
1007	3733.33
1008	0.00
1009	0.00
1010	3733.33
1011	3733.33
1012	3733.33
1013	3733.33
1014	0.00
1015	0.00
1016	3733.33
1017	3733.33
1018	3733.33
1019	3733.33
1020	3733.33
1021	0.00
1022	0.00
1023	3733.33
1024	3733.33
1025	3733.33
1026	3733.33
1027	3733.33
1028	0.00
1029	0.00
1030	3733.33
1031	3733.33
1032	3733.33
1033	3733.33
1034	3733.33
1035	0.00
1036	0.00
1037	3733.33
1038	3733.33
1039	3733.33
1040	3733.33
1041	3733.33
1042	3733.33
1043	3733.33
1044	0.00
1045	0.00
1046	3733.33
1047	3733.33
1048	3733.33
1049	3733.33
1050	3733.33
1051	3733.33
1052	3733.33
1053	0.00
1054	0.00
1055	3733.33
1056	3733.33
1057	3733.33
1058	3733.33
1059	3733.33
1060	0.00
1061	0.00
1062	3733.33
1063	3733.33
1064	3733.33
1065	3733.33
1066	3733.33
1067	0.00
1068	0.00
1069	3733.33
1070	3733.33
1071	3733.33
1072	3733.33
1073	3733.33
1074	0.00
1075	0.00
1076	3733.33
1077	3733.33
1078	3733.33
1079	3733.33
1080	0.00
1081	0.00
1082	3733.33
1083	3733.33
1084	3733.33
1085	3733.33
1086	0.00
1087	0.00
1088	3733.33
1089	3733.33
1090	3733.33
1091	3733.33
1092	3733.33
1093	0.00
1094	0.00
1095	3733.33
1096	3733.33
1097	3733.33
1098	3733.33
1099	3733.33
1100	3733.33
1101	0.00
1102	0.00
1103	3733.33
1104	3733.33
1105	3733.33
1106	3733.33
1107	3733.33
1108	0.00
1109	0.00
1110	3733.33
1111	3733.33
1112	3733.33
1113	3733.33
1114	3733.33
1115	3733.33
1116	3733.33
1117	0.00
1118	0.00
1119	3733.33
1120	3733.33
1121	3733.33
1122	3733.33
1123	3733.33
1124	3733.33
1125	0.00
1126	0.00
1127	3733.33
1128	3733.33
1129	3733.33
1130	3733.33
1131	3733.33
1132	0.00
1133	0.00
1134	3733.33
1135	3733.33
1136	3733.33
1137	3733.33
1138	3733.33
1139	3733.33
1140	3733.33
1141	0.00
1142	0.00
1143	3733.33
1144	3733.33
1145	3733.33
1146	3733.33
1147	3733.33
1148	0.00
1149	0.00
1150	3733.33
1151	3733.33
1152	3733.33
1153	3733.33
1154	3733.33
1155	3733.33
1156	0.00
1157	0.00
1158	3733.33
1159	3733.33
1160	3733.33
1161	3733.33
1162	0.00
1163	0.00
1164	3733.33
1165	3733.33
1166	3733.33
1167	3733.33
1168	3733.33
1169	3733.33
1170	0.00
1171	0.00
1172	3733.33
1173	3733.33
1174	3733.33
1175	3733.33
1176	3733.33
1177	3733.33
1178	0.00
1179	0.00
1180	3733.33
1181	3733.33
1182	3733.33
1183	3733.33
1184	3733.33
1185	0.00
1186	0.00
1187	3733.33
1188	3733.33
1189	3733.33
1190	3733.33
1191	3733.33
1192	3733.33
1193	3733.33
1194	0.00
1195	0.00
1196	3733.33
1197	3733.33
1198	3733.33
1199	3733.33
1200	3733.33
1201	3733.33
1202	0.00
1203	0.00
1204	3733.33
1205	3733.33
1206	3733.33
1207	3733.33
1208	3733.33
1209	0.00
1210	0.00
1211	3733.33
1212	3733.33
1213	3733.33
1214	3733.33
1215	3733.33
1216	0.00
1217	0.00
1218	3733.33
1219	3733.33
1220	3733.33
1221	3733.33
1222	3733.33
1223	3733.33
1224	0.00
1225	0.00
1226	3733.33
1227	3733.33
1228	3733.33
1229	3733.33
1230	3733.33
1231	0.00
1232	0.00
1233	3733.33
1234	3733.33
1235	3733.33
1236	3733.33
1237	3733.33
1238	0.00
1239	0.00
1240	3733.33
1241	3733.33
1242	3733.33
1243	3733.33
1244	0.00
1245	0.00
1246	3733.33
1247	3733.33
1248	3733.33
1249	3733.33
1250	3733.33
1251	0.00
1252	0.00
1253	3733.33
1254	3733.33
1255	3733.33
1256	3733.33
1257	3733.33
1258	3733.33
1259	0.00
1260	0.00
1261	3733.33
1262	3733.33
1263	3733.33
1264	3733.33
1265	3733.33
1266	3733.33
1267	0.00
1268	0.00
1269	3733.33
1270	3733.33
1271	3733.33
1272	3733.33
1273	3733.33
1274	3733.33
1275	0.00
1276	0.00
1277	3733.33
1278	3733.33
1279	3733.33
1280	3733.33
1281	3733.33
1282	0.00
1283	0.00
1284	3733.33
1285	3733.33
1286	3733.33
1287	3733.33
1288	0.00
1289	0.00
1290	3733.33
1291	3733.33
1292	3733.33
1293	3733.33
1294	0.00
1295	0.00
1296	3733.33
1297	3733.33
1298	3733.33
1299	3733.33
1300	3733.33
1301	0.00
1302	0.00
1303	3733.33
1304	3733.33
1305	3733.33
1306	3733.33
1307	3733.33
1308	0.00
1309	0.00
1310	3733.33
1311	3733.33
1312	3733.33
1313	3733.33
1314	3733.33
1315	3733.33
1316	0.00
1317	0.00
1318	3733.33
1319	3733.33
1320	3733.33
1321	3733.33
1322	3733.33
1323	0.00
1324	0.00
1325	3733.33
1326	3733.33
1327	3733.33
1328	3733.33
1329	3733.33
1330	0.00
1331	0.00
1332	3733.33
1333	3733.33
1334	3733.33
1335	3733.33
1336	3733.33
1337	3733.33
1338	0.00
1339	0.00
1340	3733.33
1341	3733.33
1342	3733.33
1343	3733.33
1344	3733.33
1345	0.00
1346	0.00
1347	3733.33
1348	3733.33
1349	3733.33
1350	3733.33
1351	3733.33
1352	3733.33
1353	3733.33
1354	0.00
1355	0.00
1356	3733.33
1357	3733.33
1358	3733.33
1359	3733.33
1360	3733.33
1361	0.00
1362	0.00
1363	3733.33
1364	3733.33
1365	3733.33
1366	3733.33
1367	3733.33
1368	0.00
1369	0.00
1370	3733.33
1371	3733.33
1372	3733.33
1373	3733.33
1374	3733.33
1375	3733.33
1376	0.00
1377	0.00
1378	3733.33
1379	3733.33
1380	3733.33
1381	3733.33
1382	3733.33
1383	0.00
1384	0.00
1385	3733.33
1386	3733.33
1387	3733.33
1388	3733.33
1389	3733.33
1390	3733.33
1391	0.00
1392	0.00
1393	3733.33
1394	3733.33
1395	3733.33
1396	3733.33
1397	3733.33
1398	0.00
1399	0.00
1400	3733.33
1401	3733.33
1402	3733.33
1403	3733.33
1404	3733.33
1405	0.00
1406	0.00
1407	3733.33
1408	3733.33
1409	3733.33
1410	3733.33
1411	0.00
1412	0.00
1413	3733.33
1414	3733.33
1415	3733.33
1416	3733.33
1417	3733.33
1418	3733.33
1419	3733.33
1420	0.00
1421	0.00
1422	3733.33
1423	3733.33
1424	3733.33
1425	3733.33
1426	3733.33
1427	0.00
1428	0.00
1429	3733.33
1430	3733.33
1431	3733.33
1432	3733.33
1433	3733.33
1434	3733.33
1435	0.00
1436	0.00
1437	3733.33
1438	3733.33
1439	3733.33
1440	3733.33
1441	3733.33
1442	3733.33
1443	3733.33
1444	0.00
1445	0.00
1446	3733.33
1447	3733.33
1448	3733.33
1449	3733.33
1450	0.00
1451	0.00
1452	3733.33
1453	3733.33
1454	3733.33
1455	3733.33
1456	3733.33
1457	0.00
1458	0.00
1459	3733.33
1460	3733.33
1461	3733.33
1462	3733.33
1463	0.00
1464	0.00
1465	3733.33
1466	3733.33
1467	3733.33
1468	3733.33
1469	3733.33
1470	0.00
1471	0.00
1472	3733.33
1473	3733.33
1474	3733.33
1475	3733.33
1476	3733.33
1477	0.00
1478	0.00
1479	3733.33
1480	3733.33
1481	3733.33
1482	3733.33
1483	0.00
1484	0.00
1485	3733.33
1486	3733.33
1487	3733.33
1488	3733.33
1489	0.00
1490	0.00
1491	3733.33
1492	3733.33
1493	3733.33
1494	3733.33
1495	3733.33
1496	0.00
1497	0.00
1498	3733.33
1499	3733.33
1500	3733.33
1501	3733.33
1502	3733.33
1503	0.00
1504	0.00
1505	3733.33
1506	3733.33
1507	3733.33
1508	3733.33
1509	0.00
1510	0.00
1511	3733.33
1512	3733.33
1513	3733.33
1514	3733.33
1515	3733.33
1516	0.00
1517	0.00
1518	3733.33
1519	3733.33
1520	3733.33
1521	3733.33
1522	3733.33
1523	0.00
1524	0.00
1525	3733.33
1526	3733.33
1527	3733.33
1528	3733.33
1529	3733.33
1530	0.00
1531	0.00
1532	3733.33
1533	3733.33
1534	3733.33
1535	3733.33
1536	3733.33
1537	0.00
1538	0.00
1539	3733.33
1540	3733.33
1541	3733.33
1542	3733.33
1543	3733.33
1544	3733.33
1545	0.00
1546	0.00
1547	3733.33
1548	3733.33
1549	3733.33
1550	3733.33
1551	3733.33
1552	3733.33
1553	0.00
1554	0.00
1555	3733.33
1556	3733.33
1557	3733.33
1558	3733.33
1559	3733.33
1560	3733.33
1561	0.00
1562	0.00
1563	3733.33
1564	3733.33
1565	3733.33
1566	3733.33
1567	3733.33
1568	3733.33
1569	0.00
1570	0.00
1571	3733.33
1572	3733.33
1573	3733.33
1574	3733.33
1575	3733.33
1576	3733.33
1577	0.00
1578	0.00
1579	3733.33
1580	3733.33
1581	3733.33
1582	3733.33
1583	3733.33
1584	3733.33
1585	3733.33
1586	0.00
1587	0.00
1588	3733.33
1589	3733.33
1590	3733.33
1591	3733.33
1592	0.00
1593	0.00
1594	3733.33
1595	3733.33
1596	3733.33
1597	3733.33
1598	3733.33
1599	3733.33
1600	3733.33
1601	0.00
1602	0.00
1603	3733.33
1604	3733.33
1605	3733.33
1606	3733.33
1607	3733.33
1608	0.00
1609	0.00
1610	0.00
1611	0.00
1612	0.00
1613	0.00
1614	3733.33
1615	3733.33
1616	3733.33
1617	3733.33
1618	0.00
1619	0.00
1620	3733.33
1621	3733.33
1622	3733.33
1623	3733.33
1624	3733.33
1625	0.00
1626	0.00
1627	0.00
1628	0.00
1629	0.00
1630	0.00
1631	3733.33
1632	3733.33
1633	3733.33
1634	3733.33
1635	0.00
1636	0.00
1637	0.00
1638	0.00
1639	3733.33
1640	3733.33
1641	3733.33
1642	3733.33
1643	3733.33
1644	0.00
1645	0.00
1646	3733.33
1647	3733.33
1648	3733.33
1649	3733.33
1650	0.00
1651	0.00
1652	0.00
1653	0.00
1654	3733.33
1655	3733.33
1656	3733.33
1657	3733.33
1658	0.00
1659	0.00
1660	0.00
1661	0.00
1662	0.00
1663	0.00
1664	3733.33
1665	3733.33
1666	3733.33
1667	3733.33
1668	3733.33
1669	0.00
1670	0.00
1671	0.00
1672	0.00
1673	0.00
1674	0.00
1675	0.00
1676	0.00
1677	0.00
1678	3733.33
1679	3733.33
1680	3733.33
1681	3733.33
1682	0.00
1683	0.00
1684	0.00
1685	0.00
1686	0.00
1687	0.00
1688	3733.33
1689	3733.33
1690	3733.33
1691	3733.33
1692	0.00
1693	0.00
1694	0.00
1695	0.00
1696	0.00
1697	0.00
1698	0.00
1699	0.00
1700	0.00
1701	0.00
1702	3733.33
1703	3733.33
1704	3733.33
1705	0.00
1706	0.00
1707	0.00
1708	0.00
1709	0.00
1710	0.00
1711	3733.33
1712	3733.33
1713	3733.33
1714	3733.33
1715	0.00
1716	0.00
1717	0.00
1718	0.00
1719	0.00
1720	0.00
1721	0.00
1722	0.00
1723	0.00
1724	0.00
1725	0.00
1726	0.00
1727	0.00
1728	0.00
1729	0.00
1730	0.00
1731	0.00
1732	0.00
1733	3733.33
1734	3733.33
1735	3733.33
1736	3733.33
1737	3733.33
1738	0.00
1739	0.00
1740	0.00
1741	0.00
1742	0.00
1743	0.00
1744	0.00
1745	0.00
1746	0.00
1747	0.00
1748	0.00
1749	3733.33
1750	3733.33
1751	3733.33
1752	0.00
1753	0.00
1754	0.00
1755	0.00
1756	0.00
1757	0.00
1758	0.00
1759	0.00
1760	3733.33
1761	3733.33
1762	3733.33
1763	3733.33
1764	0.00
1765	0.00
1766	0.00
1767	0.00
1768	0.00
1769	0.00
1770	0.00
1771	0.00
1772	0.00
1773	0.00
1774	0.00
1775	0.00
1776	0.00
1777	0.00
1778	0.00
1779	0.00
1780	0.00
1781	0.00
1782	3733.33
1783	3733.33
1784	3733.33
1785	3733.33
1786	3733.33
1787	0.00
1788	0.00
1789	0.00
1790	0.00
1791	0.00
1792	0.00
1793	0.00
1794	0.00
1795	0.00
1796	0.00
1797	0.00
1798	0.00
1799	0.00
1800	0.00
1801	0.00
1802	0.00
1803	0.00
1804	0.00
1805	0.00
1806	3733.33
1807	3733.33
1808	3733.33
1809	3733.33
1810	3733.33
1811	0.00
1812	0.00
1813	0.00
1814	0.00
1815	0.00
1816	0.00
1817	0.00
1818	3733.33
1819	3733.33
1820	3733.33
1821	3733.33
1822	3733.33
1823	0.00
1824	0.00
1825	0.00
1826	0.00
1827	0.00
1828	0.00
1829	0.00
1830	0.00
1831	0.00
1832	3733.33
1833	3733.33
1834	3733.33
1835	3733.33
1836	0.00
1837	0.00
1838	0.00
1839	0.00
1840	0.00
1841	0.00
1842	0.00
1843	0.00
1844	0.00
1845	0.00
1846	3733.33
1847	3733.33
1848	3733.33
1849	0.00
1850	0.00
1851	0.00
1852	0.00
1853	0.00
1854	0.00
1855	3733.33
1856	3733.33
1857	3733.33
1858	3733.33
1859	0.00
1860	0.00
1861	0.00
1862	0.00
1863	0.00
1864	0.00
1865	0.00
1866	0.00
1867	0.00
1868	0.00
1869	0.00
1870	0.00
1871	0.00
1872	0.00
1873	0.00
1874	0.00
1875	3733.33
1876	3733.33
1877	3733.33
1878	3733.33
1879	3733.33
1880	0.00
1881	0.00
1882	0.00
1883	0.00
1884	0.00
1885	0.00
1886	0.00
1887	0.00
1888	3733.33
1889	3733.33
1890	3733.33
1891	0.00
1892	0.00
1893	0.00
1894	0.00
1895	0.00
1896	0.00
1897	0.00
1898	0.00
1899	0.00
1900	0.00
1901	0.00
1902	3733.33
1903	3733.33
1904	3733.33
1905	3733.33
1906	3733.33
1907	3733.33
1908	0.00
1909	0.00
1910	0.00
1911	0.00
1912	0.00
1913	0.00
1914	0.00
1915	0.00
1916	0.00
1917	0.00
1918	0.00
1919	0.00
1920	0.00
1921	0.00
1922	0.00
1923	0.00
1924	0.00
1925	0.00
1926	3733.33
1927	3733.33
1928	3733.33
1929	3733.33
1930	3733.33
1931	0.00
1932	0.00
1933	0.00
1934	0.00
1935	0.00
1936	0.00
1937	0.00
1938	0.00
1939	0.00
1940	3733.33
1941	3733.33
1942	3733.33
1943	3733.33
1944	0.00
1945	0.00
1946	0.00
1947	0.00
1948	0.00
1949	0.00
1950	0.00
1951	0.00
1952	3733.33
1953	3733.33
1954	3733.33
1955	0.00
1956	0.00
1957	0.00
1958	0.00
1959	0.00
1960	0.00
1961	0.00
1962	0.00
1963	0.00
1964	0.00
1965	0.00
1966	3733.33
1967	3733.33
1968	3733.33
1969	0.00
1970	0.00
1971	0.00
1972	0.00
1973	0.00
1974	0.00
1975	3733.33
1976	3733.33
1977	3733.33
1978	3733.33
1979	0.00
1980	0.00
1981	0.00
1982	0.00
1983	0.00
1984	0.00
1985	0.00
1986	0.00
1987	0.00
1988	0.00
1989	0.00
1990	3733.33
1991	3733.33
1992	3733.33
1993	0.00
1994	0.00
1995	0.00
1996	0.00
1997	0.00
1998	0.00
1999	3733.33
2000	3733.33
2001	3733.33
2002	3733.33
2003	3733.33
2004	0.00
2005	0.00
2006	0.00
2007	0.00
2008	0.00
2009	0.00
2010	0.00
2011	0.00
2012	3733.33
2013	3733.33
2014	3733.33
2015	3733.33
2016	3733.33
2017	0.00
2018	0.00
2019	0.00
2020	0.00
2021	0.00
2022	0.00
2023	3733.33
2024	3733.33
2025	3733.33
2026	3733.33
2027	3733.33
2028	3733.33
2029	0.00
2030	0.00
2031	0.00
2032	0.00
2033	0.00
2034	0.00
2035	0.00
2036	0.00
2037	3733.33
2038	3733.33
2039	3733.33
2040	3733.33
2041	0.00
2042	0.00
2043	0.00
2044	0.00
2045	0.00
2046	0.00
2047	3733.33
2048	3733.33
2049	3733.33
2050	3733.33
2051	3733.33
2052	3733.33
2053	0.00
2054	0.00
2055	0.00
2056	0.00
2057	0.00
2058	0.00
2059	0.00
2060	3733.33
2061	3733.33
2062	3733.33
2063	3733.33
2064	0.00
2065	0.00
2066	0.00
2067	0.00
2068	0.00
2069	0.00
2070	3733.33
2071	3733.33
2072	3733.33
2073	3733.33
2074	3733.33
2075	3733.33
2076	0.00
2077	0.00
2078	3733.33
2079	3733.33
2080	3733.33
2081	3733.33
2082	0.00
2083	0.00
2084	3733.33
2085	3733.33
2086	3733.33
2087	3733.33
2088	3733.33
2089	3733.33
2090	0.00
2091	0.00
2092	0.00
2093	0.00
2094	0.00
2095	3733.33
2096	3733.33
2097	3733.33
2098	3733.33
2099	3733.33
2100	3733.33
2101	0.00
2102	0.00
2103	0.00
2104	0.00
2105	0.00
2106	0.00
2107	3733.33
2108	3733.33
2109	3733.33
2110	3733.33
2111	3733.33
2112	3733.33
2113	0.00
2114	0.00
2115	0.00
2116	0.00
2117	0.00
2118	0.00
2119	3733.33
2120	3733.33
2121	3733.33
2122	3733.33
2123	3733.33
2124	0.00
2125	0.00
2126	0.00
2127	0.00
2128	0.00
2129	0.00
2130	0.00
2131	3733.33
2132	3733.33
2133	3733.33
2134	3733.33
2135	3733.33
2136	0.00
2137	0.00
2138	0.00
2139	0.00
2140	0.00
2141	0.00
2142	0.00
2143	0.00
2144	3733.33
2145	3733.33
2146	3733.33
2147	3733.33
2148	0.00
2149	0.00
2150	0.00
2151	0.00
2152	0.00
2153	0.00
2154	0.00
2155	0.00
2156	0.00
2157	0.00
2158	0.00
2159	0.00
2160	0.00
2161	0.00
2162	0.00
2163	0.00
2164	0.00
2165	0.00
2166	0.00
2167	3733.33
2168	3733.33
2169	3733.33
2170	3733.33
2171	0.00
2172	0.00
2173	0.00
2174	0.00
2175	0.00
2176	0.00
2177	0.00
2178	0.00
2179	0.00
2180	0.00
2181	0.00
2182	0.00
2183	0.00
2184	0.00
2185	0.00
2186	0.00
2187	0.00
2188	0.00
2189	0.00
2190	0.00
2191	3733.33
2192	3733.33
2193	3733.33
2194	3733.33
2195	0.00
2196	0.00
2197	0.00
2198	0.00
2199	0.00
2200	0.00
2201	0.00
2202	0.00
2203	0.00
2204	0.00
2205	0.00
2206	0.00
2207	0.00
2208	0.00
2209	0.00
2210	0.00
2211	0.00
2212	0.00
2213	0.00
2214	0.00
2215	0.00
2216	3733.33
2217	3733.33
2218	3733.33
2219	0.00
2220	0.00
2221	0.00
2222	0.00
2223	0.00
2224	0.00
2225	0.00
2226	0.00
2227	0.00
2228	0.00
2229	0.00
2230	0.00
2231	3733.33
2232	3733.33
2233	3733.33
2234	0.00
2235	0.00
2236	0.00
2237	0.00
2238	0.00
2239	0.00
2240	3733.33
2241	3733.33
2242	3733.33
2243	3733.33
2244	3733.33
2245	0.00
2246	0.00
2247	0.00
2248	0.00
2249	0.00
2250	0.00
2251	3733.33
2252	3733.33
2253	3733.33
2254	3733.33
2255	0.00
2256	0.00
2257	0.00
2258	0.00
2259	0.00
2260	0.00
2261	0.00
2262	3733.33
2263	3733.33
2264	3733.33
2265	3733.33
2266	0.00
2267	0.00
2268	3733.33
2269	3733.33
2270	3733.33
2271	3733.33
2272	0.00
2273	0.00
2274	3733.33
2275	3733.33
2276	3733.33
2277	3733.33
2278	3733.33
2279	3733.33
2280	0.00
2281	0.00
2282	3733.33
2283	3733.33
2284	3733.33
2285	3733.33
2286	3733.33
2287	0.00
2288	0.00
2289	3733.33
2290	3733.33
2291	3733.33
2292	3733.33
2293	0.00
2294	0.00
2295	0.00
2296	0.00
2297	0.00
2298	0.00
2299	0.00
2300	3733.33
2301	3733.33
2302	3733.33
2303	3733.33
2304	3733.33
2305	0.00
2306	0.00
2307	0.00
2308	0.00
2309	0.00
2310	0.00
2311	3733.33
2312	3733.33
2313	3733.33
2314	3733.33
2315	0.00
2316	0.00
2317	0.00
2318	0.00
2319	0.00
2320	0.00
2321	3733.33
2322	3733.33
2323	3733.33
2324	0.00
2325	0.00
2326	0.00
2327	0.00
2328	0.00
2329	0.00
2330	0.00
2331	0.00
2332	0.00
2333	0.00
2334	3733.33
2335	3733.33
2336	3733.33
2337	3733.33
2338	3733.33
2339	0.00
2340	0.00
2341	0.00
2342	0.00
2343	0.00
2344	0.00
2345	0.00
2346	0.00
2347	0.00
2348	0.00
2349	0.00
2350	0.00
2351	3733.33
2352	3733.33
2353	3733.33
2354	0.00
2355	0.00
2356	0.00
2357	0.00
2358	0.00
2359	0.00
2360	3733.33
2361	3733.33
2362	3733.33
2363	0.00
2364	0.00
2365	0.00
2366	0.00
2367	0.00
2368	0.00
2369	0.00
2370	0.00
2371	0.00
2372	0.00
2373	0.00
2374	3733.33
2375	3733.33
2376	3733.33
2377	0.00
2378	0.00
2379	0.00
2380	0.00
2381	0.00
2382	0.00
2383	3733.33
2384	3733.33
2385	3733.33
2386	3733.33
2387	3733.33
2388	0.00
2389	0.00
2390	0.00
2391	3733.33
2392	3733.33
2393	3733.33
2394	3733.33
2395	0.00
2396	0.00
2397	3733.33
2398	3733.33
2399	3733.33
2400	3733.33
2401	0.00
2402	0.00
2403	0.00
2404	0.00
2405	0.00
2406	0.00
2407	3733.33
2408	3733.33
2409	3733.33
2410	3733.33
2411	0.00
2412	0.00
2413	3733.33
2414	3733.33
2415	3733.33
2416	3733.33
2417	0.00
2418	0.00
2419	0.00
2420	0.00
2421	0.00
2422	3733.33
2423	3733.33
2424	3733.33
2425	3733.33
2426	0.00
2427	0.00
2428	0.00
2429	0.00
2430	0.00
2431	3733.33
2432	3733.33
2433	3733.33
2434	3733.33
2435	0.00
2436	0.00
2437	3733.33
2438	3733.33
2439	3733.33
2440	3733.33
2441	3733.33
2442	0.00
2443	0.00
2444	0.00
2445	3733.33
2446	3733.33
2447	3733.33
2448	3733.33
2449	0.00
2450	0.00
2451	0.00
2452	0.00
2453	0.00
2454	0.00
2455	3733.33
2456	3733.33
2457	3733.33
2458	3733.33
2459	0.00
2460	0.00
2461	3733.33
2462	3733.33
2463	3733.33
2464	3733.33
2465	3733.33
2466	3733.33
2467	3733.33
2468	0.00
2469	0.00
2470	3733.33
2471	3733.33
2472	3733.33
2473	0.00
2474	0.00
2475	0.00
2476	0.00
2477	0.00
2478	0.00
2479	3733.33
2480	3733.33
2481	3733.33
2482	3733.33
2483	3733.33
2484	0.00
2485	0.00
2486	0.00
2487	0.00
2488	0.00
2489	0.00
2490	0.00
2491	0.00
2492	0.00
2493	3733.33
2494	3733.33
2495	3733.33
2496	3733.33
2497	0.00
2498	0.00
2499	0.00
2500	0.00
2501	0.00
2502	0.00
2503	3733.33
2504	3733.33
2505	3733.33
2506	3733.33
2507	3733.33
2508	0.00
2509	0.00
2510	0.00
2511	0.00
2512	0.00
2513	0.00
2514	0.00
2515	0.00
2516	3733.33
2517	3733.33
2518	3733.33
2519	3733.33
2520	0.00
2521	0.00
2522	0.00
2523	0.00
2524	0.00
2525	0.00
2526	0.00
2527	0.00
2528	3733.33
2529	3733.33
2530	3733.33
2531	3733.33
2532	0.00
2533	0.00
2534	0.00
2535	0.00
2536	0.00
2537	0.00
2538	0.00
2539	3733.33
2540	3733.33
2541	3733.33
2542	3733.33
2543	3733.33
2544	0.00
2545	0.00
2546	0.00
2547	0.00
2548	0.00
2549	0.00
2550	0.00
2551	0.00
2552	3733.33
2553	3733.33
2554	3733.33
2555	3733.33
2556	0.00
2557	0.00
2558	0.00
2559	0.00
2560	0.00
2561	0.00
2562	0.00
2563	0.00
2564	0.00
2565	0.00
2566	0.00
2567	3733.33
2568	3733.33
2569	3733.33
2570	0.00
2571	0.00
2572	0.00
2573	0.00
2574	0.00
2575	3733.33
2576	3733.33
2577	3733.33
2578	0.00
2579	0.00
2580	0.00
2581	0.00
2582	0.00
2583	0.00
2584	0.00
2585	0.00
2586	0.00
2587	0.00
2588	0.00
2589	3733.33
2590	3733.33
2591	3733.33
2592	3733.33
2593	0.00
2594	0.00
2595	0.00
2596	0.00
2597	0.00
2598	0.00
2599	0.00
2600	3733.33
2601	3733.33
2602	3733.33
2603	0.00
2604	0.00
2605	0.00
2606	0.00
2607	0.00
2608	0.00
2609	0.00
2610	0.00
2611	0.00
2612	0.00
2613	3733.33
2614	3733.33
2615	3733.33
2616	3733.33
2617	0.00
2618	0.00
2619	0.00
2620	0.00
2621	0.00
2622	0.00
2623	0.00
2624	0.00
2625	0.00
2626	0.00
2627	3733.33
2628	3733.33
2629	3733.33
2630	0.00
2631	0.00
2632	0.00
2633	0.00
2634	0.00
2635	0.00
2636	0.00
2637	0.00
2638	0.00
2639	0.00
2640	0.00
2641	0.00
2642	0.00
2643	0.00
2644	0.00
2645	0.00
2646	0.00
2647	0.00
2648	3733.33
2649	3733.33
2650	3733.33
2651	0.00
2652	0.00
2653	0.00
2654	0.00
2655	0.00
2656	0.00
2657	0.00
2658	0.00
2659	0.00
2660	0.00
2661	0.00
2662	0.00
2663	0.00
2664	0.00
2665	0.00
2666	0.00
2667	0.00
2668	0.00
2669	0.00
2670	0.00
2671	3733.33
2672	3733.33
2673	3733.33
2674	0.00
2675	0.00
2676	0.00
2677	0.00
2678	0.00
2679	0.00
2680	0.00
2681	0.00
2682	0.00
2683	0.00
2684	0.00
2685	0.00
2686	0.00
2687	0.00
2688	0.00
2689	0.00
2690	0.00
2691	0.00
2692	0.00
2693	0.00
2694	3733.33
2695	3733.33
2696	3733.33
2697	3733.33
2698	0.00
2699	0.00
2700	0.00
2701	0.00
2702	0.00
2703	0.00
2704	0.00
2705	0.00
2706	0.00
2707	0.00
2708	0.00
2709	3733.33
2710	3733.33
2711	3733.33
2712	3733.33
2713	0.00
2714	0.00
2715	0.00
2716	0.00
2717	0.00
2718	0.00
2719	0.00
2720	3733.33
2721	3733.33
2722	3733.33
2723	3733.33
2724	0.00
2725	0.00
2726	0.00
2727	0.00
2728	0.00
2729	0.00
2730	0.00
2731	0.00
2732	0.00
2733	0.00
2734	0.00
2735	0.00
2736	0.00
2737	0.00
2738	0.00
2739	0.00
2740	0.00
2741	0.00
2742	0.00
2743	0.00
2744	0.00
2745	0.00
2746	0.00
2747	0.00
2748	0.00
2749	0.00
2750	0.00
2751	0.00
2752	3733.33
2753	3733.33
2754	3733.33
2755	0.00
2756	0.00
2757	0.00
2758	0.00
2759	0.00
2760	0.00
2761	0.00
2762	0.00
2763	0.00
2764	0.00
2765	0.00
2766	0.00
2767	0.00
2768	0.00
2769	0.00
2770	0.00
2771	0.00
2772	0.00
2773	0.00
2774	0.00
2775	0.00
2776	0.00
2777	0.00
2778	0.00
2779	0.00
2780	0.00
2781	0.00
2782	0.00
2783	0.00
2784	0.00
2785	0.00
2786	0.00
2787	0.00
2788	0.00
2789	0.00
2790	0.00
2791	0.00
2792	0.00
2793	0.00
2794	0.00
2795	3733.33
2796	3733.33
2797	3733.33
2798	0.00
2799	0.00
2800	0.00
2801	0.00
2802	0.00
2803	0.00
2804	0.00
2805	0.00
2806	0.00
2807	0.00
2808	0.00
2809	0.00
2810	0.00
2811	0.00
2812	0.00
2813	0.00
2814	0.00
2815	3733.33
2816	3733.33
2817	3733.33
2818	3733.33
2819	0.00
2820	0.00
2821	0.00
2822	0.00
2823	0.00
2824	0.00
2825	0.00
2826	0.00
2827	0.00
2828	0.00
2829	0.00
2830	0.00
2831	0.00
2832	0.00
2833	0.00
2834	0.00
2835	0.00
2836	0.00
2837	0.00
2838	3733.33
2839	3733.33
2840	3733.33
2841	3733.33
2842	0.00
2843	0.00
2844	0.00
2845	0.00
2846	0.00
2847	0.00
2848	0.00
2849	0.00
2850	0.00
2851	0.00
2852	0.00
2853	0.00
2854	0.00
2855	0.00
2856	0.00
2857	0.00
2858	0.00
2859	0.00
2860	0.00
2861	0.00
2862	0.00
2863	0.00
2864	0.00
2865	0.00
2866	0.00
2867	0.00
2868	0.00
2869	0.00
2870	0.00
2871	0.00
2872	0.00
2873	0.00
2874	0.00
2875	0.00
2876	3733.33
2877	3733.33
2878	3733.33
2879	0.00
2880	0.00
2881	0.00
2882	0.00
2883	0.00
2884	0.00
2885	0.00
2886	0.00
2887	0.00
2888	0.00
2889	-127.80
2890	-235.10
2891	-300.10
2892	-397.50
2893	-406.70
2894	-354.10
2895	-253.70
2896	-20.80
2897	0.00
2898	0.00
2899	0.00
2900	0.00
2901	0.00
2902	0.00
2903	0.00
2904	0.00
2905	0.00
2906	0.00
2907	0.00
2908	0.00
2909	0.00
2910	0.00
2911	0.00
2912	0.00
2913	-35.20
2914	-85.60
2915	-30.80
2916	-58.40
2917	-65.40
2918	-14.80
2919	-4.80
2920	0.00
2921	0.00
2922	0.00
2923	0.00
2924	0.00
2925	3733.33
2926	3733.33
2927	3733.33
2928	0.00
2929	0.00
2930	0.00
2931	0.00
2932	0.00
2933	0.00
2934	0.00
2935	-54.50
2936	-918.10
2937	-1291.40
2938	-996.10
2939	-911.80
2940	-999.80
2941	-847.70
2942	-923.90
2943	-1331.20
2944	-1029.60
2945	-158.90
2946	0.00
2947	0.00
2948	0.00
2949	0.00
2950	0.00
2951	0.00
2952	0.00
2953	0.00
2954	0.00
2955	0.00
2956	0.00
2957	0.00
2958	0.00
2959	0.00
2960	0.00
2961	0.00
2962	0.00
2963	0.00
2964	0.00
2965	0.00
2966	0.00
2967	0.00
2968	-9.60
2969	0.00
2970	0.00
2971	0.00
2972	0.00
2973	0.00
2974	0.00
2975	0.00
2976	0.00
2977	0.00
2978	0.00
2979	0.00
2980	0.00
2981	0.00
2982	3733.33
2983	3733.33
2984	3733.33
2985	0.00
2986	0.00
2987	0.00
2988	0.00
2989	0.00
2990	0.00
2991	0.00
2992	0.00
2993	0.00
2994	0.00
2995	0.00
2996	0.00
2997	0.00
2998	0.00
2999	0.00
3000	0.00
3001	0.00
3002	0.00
3003	0.00
3004	0.00
3005	0.00
3006	3733.33
3007	3733.33
3008	3733.33
3009	3733.33
3010	3733.33
3011	0.00
3012	0.00
3013	0.00
3014	0.00
3015	0.00
3016	0.00
3017	0.00
3018	0.00
3019	0.00
3020	3733.33
3021	3733.33
3022	3733.33
3023	3733.33
3024	0.00
3025	0.00
3026	0.00
3027	0.00
3028	0.00
3029	0.00
3030	0.00
3031	0.00
3032	3733.33
3033	3733.33
3034	3733.33
3035	3733.33
3036	0.00
3037	0.00
3038	0.00
3039	0.00
3040	0.00
3041	0.00
3042	0.00
3043	0.00
3044	0.00
3045	0.00
3046	3733.33
3047	3733.33
3048	3733.33
3049	0.00
3050	0.00
3051	0.00
3052	0.00
3053	0.00
3054	0.00
3055	0.00
3056	0.00
3057	0.00
3058	0.00
3059	0.00
3060	0.00
3061	0.00
3062	0.00
3063	0.00
3064	0.00
3065	0.00
3066	0.00
3067	3733.33
3068	3733.33
3069	3733.33
3070	0.00
3071	0.00
3072	0.00
3073	0.00
3074	0.00
3075	0.00
3076	0.00
3077	0.00
3078	0.00
3079	0.00
3080	0.00
3081	0.00
3082	0.00
3083	0.00
3084	0.00
3085	0.00
3086	0.00
3087	0.00
3088	0.00
3089	0.00
3090	0.00
3091	0.00
3092	0.00
3093	0.00
3094	0.00
3095	0.00
3096	0.00
3097	0.00
3098	0.00
3099	0.00
3100	0.00
3101	0.00
3102	0.00
3103	3733.33
3104	3733.33
3105	3733.33
3106	0.00
3107	0.00
3108	0.00
3109	0.00
3110	0.00
3111	0.00
3112	0.00
3113	0.00
3114	0.00
3115	0.00
3116	0.00
3117	0.00
3118	0.00
3119	0.00
3120	0.00
3121	0.00
3122	0.00
3123	0.00
3124	0.00
3125	0.00
3126	0.00
3127	0.00
3128	3733.33
3129	3733.33
3130	3733.33
3131	0.00
3132	0.00
3133	0.00
3134	0.00
3135	0.00
3136	0.00
3137	0.00
3138	0.00
3139	0.00
3140	0.00
3141	0.00
3142	0.00
3143	0.00
3144	0.00
3145	0.00
3146	0.00
3147	0.00
3148	0.00
3149	0.00
3150	0.00
3151	0.00
3152	0.00
3153	0.00
3154	0.00
3155	0.00
3156	0.00
3157	0.00
3158	0.00
3159	0.00
3160	0.00
3161	0.00
3162	0.00
3163	0.00
3164	0.00
3165	0.00
3166	0.00
3167	3733.33
3168	3733.33
3169	3733.33
3170	0.00
3171	0.00
3172	0.00
3173	0.00
3174	0.00
3175	0.00
3176	0.00
3177	0.00
3178	0.00
3179	0.00
3180	0.00
3181	0.00
3182	0.00
3183	0.00
3184	0.00
3185	0.00
3186	0.00
3187	0.00
3188	0.00
3189	0.00
3190	0.00
3191	0.00
3192	0.00
3193	0.00
3194	0.00
3195	0.00
3196	0.00
3197	0.00
3198	3733.33
3199	3733.33
3200	3733.33
3201	3733.33
3202	0.00
3203	0.00
3204	0.00
3205	0.00
3206	0.00
3207	0.00
3208	0.00
3209	0.00
3210	0.00
3211	0.00
3212	0.00
3213	0.00
3214	0.00
3215	0.00
3216	0.00
3217	0.00
3218	0.00
3219	0.00
3220	0.00
3221	0.00
3222	3733.33
3223	3733.33
3224	3733.33
3225	3733.33
3226	0.00
3227	0.00
3228	0.00
3229	0.00
3230	0.00
3231	0.00
3232	0.00
3233	0.00
3234	0.00
3235	0.00
3236	0.00
3237	0.00
3238	0.00
3239	0.00
3240	0.00
3241	0.00
3242	0.00
3243	0.00
3244	0.00
3245	0.00
3246	3733.33
3247	3733.33
3248	3733.33
3249	3733.33
3250	0.00
3251	0.00
3252	0.00
3253	0.00
3254	0.00
3255	0.00
3256	0.00
3257	0.00
3258	0.00
3259	0.00
3260	0.00
3261	0.00
3262	0.00
3263	0.00
3264	0.00
3265	0.00
3266	0.00
3267	0.00
3268	0.00
3269	0.00
3270	0.00
3271	0.00
3272	0.00
3273	0.00
3274	0.00
3275	0.00
3276	3733.33
3277	3733.33
3278	3733.33
3279	0.00
3280	0.00
3281	0.00
3282	0.00
3283	0.00
3284	0.00
3285	0.00
3286	0.00
3287	0.00
3288	0.00
3289	0.00
3290	0.00
3291	0.00
3292	0.00
3293	0.00
3294	0.00
3295	3733.33
3296	3733.33
3297	3733.33
3298	0.00
3299	0.00
3300	0.00
3301	0.00
3302	0.00
3303	0.00
3304	0.00
3305	0.00
3306	0.00
3307	0.00
3308	0.00
3309	0.00
3310	0.00
3311	0.00
3312	0.00
3313	0.00
3314	0.00
3315	0.00
3316	0.00
3317	0.00
3318	0.00
3319	0.00
3320	0.00
3321	0.00
3322	0.00
3323	0.00
3324	0.00
3325	0.00
3326	0.00
3327	0.00
3328	0.00
3329	0.00
3330	3733.33
3331	3733.33
3332	3733.33
3333	0.00
3334	0.00
3335	0.00
3336	0.00
3337	0.00
3338	0.00
3339	0.00
3340	0.00
3341	0.00
3342	0.00
3343	0.00
3344	0.00
3345	0.00
3346	0.00
3347	0.00
3348	0.00
3349	0.00
3350	0.00
3351	0.00
3352	0.00
3353	3733.33
3354	3733.33
3355	3733.33
3356	0.00
3357	0.00
3358	0.00
3359	0.00
3360	0.00
3361	0.00
3362	0.00
3363	0.00
3364	0.00
3365	0.00
3366	0.00
3367	0.00
3368	0.00
3369	0.00
3370	0.00
3371	0.00
3372	0.00
3373	0.00
3374	0.00
3375	0.00
3376	0.00
3377	0.00
3378	3733.33
3379	3733.33
3380	3733.33
3381	0.00
3382	0.00
3383	0.00
3384	0.00
3385	0.00
3386	0.00
3387	0.00
3388	0.00
3389	0.00
3390	0.00
3391	0.00
3392	0.00
3393	0.00
3394	3733.33
3395	3733.33
3396	3733.33
3397	0.00
3398	0.00
3399	0.00
3400	0.00
3401	0.00
3402	0.00
3403	0.00
3404	0.00
3405	0.00
3406	0.00
3407	0.00
3408	0.00
3409	0.00
3410	0.00
3411	0.00
3412	0.00
3413	0.00
3414	3733.33
3415	3733.33
3416	3733.33
3417	3733.33
3418	0.00
3419	0.00
3420	0.00
3421	0.00
3422	0.00
3423	0.00
3424	0.00
3425	0.00
3426	0.00
3427	0.00
3428	0.00
3429	0.00
3430	0.00
3431	0.00
3432	0.00
3433	0.00
3434	0.00
3435	0.00
3436	0.00
3437	0.00
3438	0.00
3439	0.00
3440	0.00
3441	0.00
3442	0.00
3443	0.00
3444	0.00
3445	0.00
3446	0.00
3447	0.00
3448	0.00
3449	0.00
3450	3733.33
3451	3733.33
3452	3733.33
3453	0.00
3454	0.00
3455	0.00
3456	0.00
3457	0.00
3458	0.00
3459	0.00
3460	0.00
3461	0.00
3462	0.00
3463	0.00
3464	0.00
3465	0.00
3466	0.00
3467	0.00
3468	0.00
3469	0.00
3470	0.00
3471	0.00
3472	0.00
3473	0.00
3474	0.00
3475	0.00
3476	0.00
3477	0.00
3478	0.00
3479	0.00
3480	0.00
3481	0.00
3482	0.00
3483	0.00
3484	0.00
3485	0.00
3486	0.00
3487	0.00
3488	0.00
3489	0.00
3490	0.00
3491	0.00
3492	0.00
3493	0.00
3494	0.00
3495	0.00
3496	0.00
3497	0.00
3498	0.00
3499	3733.33
3500	3733.33
3501	3733.33
3502	0.00
3503	0.00
3504	0.00
3505	0.00
3506	0.00
3507	0.00
3508	0.00
3509	0.00
3510	0.00
3511	0.00
3512	0.00
3513	0.00
3514	0.00
3515	0.00
3516	0.00
3517	0.00
3518	0.00
3519	0.00
3520	0.00
3521	0.00
3522	0.00
3523	0.00
3524	0.00
3525	0.00
3526	0.00
3527	0.00
3528	0.00
3529	0.00
3530	0.00
3531	0.00
3532	0.00
3533	0.00
3534	0.00
3535	0.00
3536	0.00
3537	0.00
3538	0.00
3539	0.00
3540	0.00
3541	0.00
3542	0.00
3543	0.00
3544	0.00
3545	0.00
3546	0.00
3547	0.00
3548	0.00
3549	3733.33
3550	3733.33
3551	3733.33
3552	0.00
3553	0.00
3554	0.00
3555	0.00
3556	0.00
3557	0.00
3558	0.00
3559	0.00
3560	0.00
3561	-126.20
3562	-402.10
3563	-526.70
3564	-571.80
3565	-502.80
3566	-668.40
3567	-995.70
3568	-983.20
3569	-543.30
3570	-161.80
3571	-16.30
3572	0.00
3573	0.00
3574	0.00
3575	0.00
3576	0.00
3577	0.00
3578	0.00
3579	0.00
3580	0.00
3581	0.00
3582	0.00
3583	0.00
3584	0.00
3585	0.00
3586	0.00
3587	0.00
3588	0.00
3589	0.00
3590	0.00
3591	0.00
3592	0.00
3593	0.00
3594	0.00
3595	0.00
3596	0.00
3597	0.00
3598	0.00
3599	0.00
3600	0.00
3601	0.00
3602	0.00
3603	0.00
3604	0.00
3605	0.00
3606	0.00
3607	3733.33
3608	3733.33
3609	3733.33
3610	0.00
3611	0.00
3612	0.00
3613	0.00
3614	0.00
3615	0.00
3616	0.00
3617	0.00
3618	0.00
3619	0.00
3620	0.00
3621	0.00
3622	0.00
3623	0.00
3624	0.00
3625	0.00
3626	0.00
3627	0.00
3628	0.00
3629	0.00
3630	0.00
3631	0.00
3632	3733.33
3633	3733.33
3634	3733.33
3635	0.00
3636	0.00
3637	0.00
3638	0.00
3639	0.00
3640	0.00
3641	0.00
3642	0.00
3643	0.00
3644	0.00
3645	0.00
3646	0.00
3647	0.00
3648	0.00
3649	0.00
3650	0.00
3651	0.00
3652	0.00
3653	0.00
3654	3733.33
3655	3733.33
3656	3733.33
3657	3733.33
3658	0.00
3659	0.00
3660	0.00
3661	0.00
3662	0.00
3663	0.00
3664	0.00
3665	0.00
3666	0.00
3667	0.00
3668	0.00
3669	0.00
3670	0.00
3671	0.00
3672	0.00
3673	0.00
3674	0.00
3675	0.00
3676	0.00
3677	0.00
3678	0.00
3679	0.00
3680	0.00
3681	0.00
3682	0.00
3683	0.00
3684	0.00
3685	3733.33
3686	3733.33
3687	3733.33
3688	0.00
3689	0.00
3690	0.00
3691	0.00
3692	0.00
3693	0.00
3694	0.00
3695	0.00
3696	0.00
3697	0.00
3698	0.00
3699	0.00
3700	0.00
3701	0.00
3702	0.00
3703	0.00
3704	0.00
3705	0.00
3706	0.00
3707	0.00
3708	0.00
3709	0.00
3710	0.00
3711	0.00
3712	0.00
3713	0.00
3714	0.00
3715	0.00
3716	0.00
3717	0.00
3718	0.00
3719	0.00
3720	0.00
3721	0.00
3722	0.00
3723	0.00
3724	0.00
3725	0.00
3726	0.00
3727	3733.33
3728	3733.33
3729	3733.33
3730	0.00
3731	0.00
3732	0.00
3733	0.00
3734	0.00
3735	0.00
3736	0.00
3737	0.00
3738	0.00
3739	0.00
3740	0.00
3741	0.00
3742	0.00
3743	0.00
3744	0.00
3745	0.00
3746	0.00
3747	0.00
3748	0.00
3749	0.00
3750	0.00
3751	0.00
3752	0.00
3753	0.00
3754	0.00
3755	0.00
3756	0.00
3757	0.00
3758	0.00
3759	0.00
3760	0.00
3761	0.00
3762	0.00
3763	0.00
3764	0.00
3765	0.00
3766	0.00
3767	0.00
3768	0.00
3769	0.00
3770	0.00
3771	0.00
3772	0.00
3773	0.00
3774	3733.33
3775	3733.33
3776	3733.33
3777	0.00
3778	0.00
3779	0.00
3780	0.00
3781	0.00
3782	0.00
3783	0.00
3784	0.00
3785	0.00
3786	0.00
3787	0.00
3788	0.00
3789	0.00
3790	0.00
3791	0.00
3792	0.00
3793	0.00
3794	0.00
3795	0.00
3796	0.00
3797	0.00
3798	0.00
3799	3733.33
3800	3733.33
3801	3733.33
3802	0.00
3803	0.00
3804	0.00
3805	0.00
3806	0.00
3807	0.00
3808	0.00
3809	0.00
3810	0.00
3811	0.00
3812	0.00
3813	0.00
3814	0.00
3815	0.00
3816	0.00
3817	0.00
3818	0.00
3819	0.00
3820	0.00
3821	0.00
3822	0.00
3823	0.00
3824	3733.33
3825	3733.33
3826	3733.33
3827	0.00
3828	0.00
3829	0.00
3830	0.00
3831	0.00
3832	0.00
3833	0.00
3834	0.00
3835	0.00
3836	0.00
3837	0.00
3838	0.00
3839	0.00
3840	0.00
3841	0.00
3842	0.00
3843	0.00
3844	0.00
3845	0.00
3846	0.00
3847	0.00
3848	-50.30
3849	-618.40
3850	-458.20
3851	-348.60
3852	-427.60
3853	-507.10
3854	-480.00
3855	-792.10
3856	-819.60
3857	-562.70
3858	-206.20
3859	0.00
3860	0.00
3861	0.00
3862	0.00
3863	0.00
3864	0.00
3865	0.00
3866	0.00
3867	0.00
3868	0.00
3869	0.00
3870	-176.70
3871	-1470.70
3872	-1613.80
3873	-1613.80
3874	-1613.80
3875	-1613.80
3876	-1721.00
3877	-2037.40
3878	-2540.70
3879	-2765.40
3880	-2039.70
3881	-664.50
3882	-449.90
3883	-151.20
3884	-8.00
3885	-21.10
3886	0.00
3887	3733.33
3888	3733.33
3889	3733.33
3890	0.00
3891	0.00
3892	0.00
3893	0.00
3894	0.00
3895	0.00
3896	0.00
3897	0.00
3898	0.00
3899	0.00
3900	0.00
3901	0.00
3902	0.00
3903	0.00
3904	0.00
3905	0.00
3906	0.00
3907	0.00
3908	0.00
3909	0.00
3910	0.00
3911	0.00
3912	0.00
3913	0.00
3914	0.00
3915	0.00
3916	0.00
3917	0.00
3918	0.00
3919	0.00
3920	0.00
3921	0.00
3922	0.00
3923	0.00
3924	-99.40
3925	-245.90
3926	-490.80
3927	-699.30
3928	-736.40
3929	-339.70
3930	-82.50
3931	-21.20
3932	0.00
3933	0.00
3934	0.00
3935	0.00
3936	0.00
3937	0.00
3938	0.00
3939	0.00
3940	0.00
3941	0.00
3942	0.00
3943	-183.50
3944	-1256.40
3945	-1604.00
3946	-1483.40
3947	-1186.70
3948	-1254.00
3949	-1588.50
3950	-2246.00
3951	-2476.70
3952	-2237.10
3953	-1880.10
3954	-1144.60
3955	-418.90
3956	0.00
3957	3733.33
3958	3733.33
3959	3733.33
3960	0.00
3961	0.00
3962	0.00
3963	0.00
3964	0.00
3965	0.00
3966	0.00
3967	0.00
3968	-70.60
3969	-758.60
3970	-1089.00
3971	-1106.10
3972	-971.00
3973	-944.60
3974	-898.40
3975	-853.10
3976	-984.20
3977	-794.70
3978	-354.20
3979	-107.50
3980	0.00
3981	0.00
3982	0.00
3983	0.00
3984	0.00
3985	0.00
3986	0.00
3987	0.00
3988	0.00
3989	0.00
3990	0.00
3991	0.00
3992	0.00
3993	0.00
3994	0.00
3995	-205.20
3996	-23.20
3997	-14.60
3998	-228.30
3999	-387.50
4000	-221.80
4001	-116.40
4002	-16.10
4003	0.00
4004	0.00
4005	0.00
4006	0.00
4007	0.00
4008	0.00
4009	0.00
4010	0.00
4011	0.00
4012	0.00
4013	0.00
4014	0.00
4015	0.00
4016	0.00
4017	3733.33
4018	3733.33
4019	3733.33
4020	0.00
4021	0.00
4022	0.00
4023	0.00
4024	0.00
4025	0.00
4026	0.00
4027	0.00
4028	0.00
4029	0.00
4030	0.00
4031	0.00
4032	0.00
4033	0.00
4034	0.00
4035	0.00
4036	0.00
4037	0.00
4038	0.00
4039	0.00
4040	0.00
4041	0.00
4042	0.00
4043	0.00
4044	0.00
4045	0.00
4046	0.00
4047	-52.50
4048	-147.80
4049	-98.80
4050	-2.70
4051	0.00
4052	0.00
4053	0.00
4054	0.00
4055	0.00
4056	0.00
4057	0.00
4058	0.00
4059	0.00
4060	0.00
4061	0.00
4062	0.00
4063	0.00
4064	0.00
4065	0.00
4066	-17.80
4067	-150.70
4068	-213.30
4069	-282.20
4070	-569.80
4071	-1002.80
4072	-1054.00
4073	-762.40
4074	-340.70
4075	-109.50
4076	0.00
4077	0.00
4078	3733.33
4079	3733.33
4080	3733.33
4081	0.00
4082	0.00
4083	0.00
4084	0.00
4085	0.00
4086	0.00
4087	0.00
4088	0.00
4089	0.00
4090	-136.80
4091	-606.60
4092	-1533.60
4093	-1497.50
4094	-1511.50
4095	-567.10
4096	-40.00
4097	0.00
4098	0.00
4099	-5.10
4100	0.00
4101	0.00
4102	0.00
4103	0.00
4104	0.00
4105	0.00
4106	0.00
4107	0.00
4108	0.00
4109	0.00
4110	0.00
4111	0.00
4112	0.00
4113	-235.60
4114	-126.30
4115	0.00
4116	-16.20
4117	-4.90
4118	0.00
4119	0.00
4120	-2.40
4121	-185.60
4122	-79.10
4123	-13.90
4124	0.00
4125	0.00
4126	0.00
4127	0.00
4128	0.00
4129	0.00
4130	0.00
4131	0.00
4132	0.00
4133	0.00
4134	0.00
4135	0.00
4136	-265.70
4137	-1247.30
4138	-1082.70
4139	-1168.80
4140	-1354.40
4141	-1298.30
4142	-1515.10
4143	-1866.40
4144	-1437.00
4145	-878.00
4146	-407.80
4147	-201.80
4148	0.00
4149	0.00
4150	0.00
4151	0.00
4152	0.00
4153	0.00
4154	0.00
4155	0.00
4156	0.00
4157	0.00
4158	0.00
4159	3733.33
4160	3733.33
4161	3733.33
4162	0.00
4163	-139.50
4164	-660.60
4165	-923.90
4166	-1139.30
4167	-1298.20
4168	-1098.90
4169	-613.00
4170	-188.60
4171	-75.30
4172	0.00
4173	0.00
4174	0.00
4175	0.00
4176	0.00
4177	0.00
4178	0.00
4179	0.00
4180	0.00
4181	0.00
4182	0.00
4183	-26.90
4184	-678.10
4185	-984.60
4186	-867.40
4187	-872.40
4188	-874.20
4189	-902.80
4190	-1215.00
4191	-1456.70
4192	-1329.90
4193	-907.60
4194	-228.40
4195	-54.60
4196	0.00
4197	0.00
4198	0.00
4199	0.00
4200	0.00
4201	0.00
4202	0.00
4203	0.00
4204	0.00
4205	0.00
4206	0.00
4207	-105.20
4208	-880.50
4209	-1045.10
4210	-759.10
4211	-686.40
4212	-734.90
4213	-756.60
4214	-776.60
4215	-935.30
4216	-1052.90
4217	-794.60
4218	-284.60
4219	-53.20
4220	0.00
4221	0.00
4222	0.00
4223	0.00
4224	0.00
4225	0.00
4226	0.00
4227	0.00
4228	0.00
4229	0.00
4230	0.00
4231	0.00
4232	-244.80
4233	-623.40
4234	-935.10
4235	-1000.20
4236	-1099.40
4237	-1321.80
4238	-1590.30
4239	-1773.70
4240	-1676.60
4241	-1276.90
4242	-720.50
4243	-241.60
4244	0.00
4245	3733.33
4246	3733.33
4247	3733.33
4248	0.00
4249	0.00
4250	0.00
4251	0.00
4252	0.00
4253	0.00
4254	0.00
4255	-189.70
4256	-546.50
4257	-679.90
4258	-427.20
4259	-707.70
4260	-928.50
4261	-687.40
4262	-240.70
4263	-315.90
4264	-518.60
4265	-240.20
4266	-46.40
4267	-0.10
4268	0.00
4269	0.00
4270	0.00
4271	0.00
4272	0.00
4273	0.00
4274	0.00
4275	0.00
4276	0.00
4277	0.00
4278	0.00
4279	0.00
4280	0.00
4281	0.00
4282	0.00
4283	0.00
4284	0.00
4285	0.00
4286	-13.20
4287	0.00
4288	0.00
4289	0.00
4290	0.00
4291	0.00
4292	0.00
4293	0.00
4294	0.00
4295	0.00
4296	0.00
4297	0.00
4298	0.00
4299	0.00
4300	0.00
4301	0.00
4302	0.00
4303	0.00
4304	0.00
4305	0.00
4306	3733.33
4307	3733.33
4308	3733.33
4309	0.00
4310	0.00
4311	0.00
4312	0.00
4313	0.00
4314	0.00
4315	0.00
4316	0.00
4317	0.00
4318	0.00
4319	0.00
4320	0.00
4321	0.00
4322	0.00
4323	0.00
4324	0.00
4325	0.00
4326	0.00
4327	0.00
4328	0.00
4329	0.00
4330	0.00
4331	0.00
4332	0.00
4333	0.00
4334	0.00
4335	0.00
4336	0.00
4337	0.00
4338	0.00
4339	0.00
4340	0.00
4341	0.00
4342	0.00
4343	0.00
4344	0.00
4345	0.00
4346	0.00
4347	0.00
4348	0.00
4349	0.00
4350	0.00
4351	0.00
4352	0.00
4353	0.00
4354	0.00
4355	0.00
4356	0.00
4357	0.00
4358	0.00
4359	0.00
4360	0.00
4361	0.00
4362	3733.33
4363	3733.33
4364	3733.33
4365	0.00
4366	0.00
4367	0.00
4368	0.00
4369	0.00
4370	0.00
4371	0.00
4372	0.00
4373	0.00
4374	0.00
4375	0.00
4376	0.00
4377	0.00
4378	0.00
4379	0.00
4380	0.00
4381	0.00
4382	0.00
4383	0.00
4384	0.00
4385	0.00
4386	0.00
4387	0.00
4388	0.00
4389	0.00
4390	0.00
4391	0.00
4392	0.00
4393	0.00
4394	0.00
4395	0.00
4396	0.00
4397	0.00
4398	0.00
4399	0.00
4400	0.00
4401	0.00
4402	0.00
4403	0.00
4404	0.00
4405	0.00
4406	0.00
4407	0.00
4408	0.00
4409	0.00
4410	0.00
4411	0.00
4412	0.00
4413	0.00
4414	0.00
4415	0.00
4416	0.00
4417	0.00
4418	0.00
4419	0.00
4420	0.00
4421	0.00
4422	0.00
4423	0.00
4424	-459.20
4425	-1285.20
4426	-1011.50
4427	-878.70
4428	-912.70
4429	-842.50
4430	-681.90
4431	-257.00
4432	-6.00
4433	0.00
4434	3733.33
4435	3733.33
4436	3733.33
4437	0.00
4438	0.00
4439	0.00
4440	0.00
4441	0.00
4442	0.00
4443	0.00
4444	0.00
4445	0.00
4446	0.00
4447	0.00
4448	0.00
4449	0.00
4450	0.00
4451	0.00
4452	0.00
4453	0.00
4454	0.00
4455	0.00
4456	0.00
4457	0.00
4458	0.00
4459	0.00
4460	0.00
4461	0.00
4462	0.00
4463	0.00
4464	0.00
4465	0.00
4466	0.00
4467	0.00
4468	0.00
4469	0.00
4470	0.00
4471	0.00
4472	0.00
4473	0.00
4474	0.00
4475	0.00
4476	0.00
4477	0.00
4478	0.00
4479	0.00
4480	0.00
4481	0.00
4482	0.00
4483	0.00
4484	0.00
4485	3733.33
4486	3733.33
4487	3733.33
4488	0.00
4489	0.00
4490	0.00
4491	0.00
4492	0.00
4493	0.00
4494	0.00
4495	0.00
4496	0.00
4497	0.00
4498	0.00
4499	0.00
4500	0.00
4501	0.00
4502	0.00
4503	0.00
4504	0.00
4505	0.00
4506	0.00
4507	0.00
4508	0.00
4509	0.00
4510	0.00
4511	0.00
4512	0.00
4513	0.00
4514	0.00
4515	0.00
4516	0.00
4517	0.00
4518	0.00
4519	0.00
4520	0.00
4521	0.00
4522	0.00
4523	0.00
4524	0.00
4525	0.00
4526	0.00
4527	0.00
4528	0.00
4529	0.00
4530	0.00
4531	0.00
4532	0.00
4533	3733.33
4534	3733.33
4535	3733.33
4536	0.00
4537	0.00
4538	0.00
4539	0.00
4540	0.00
4541	0.00
4542	0.00
4543	0.00
4544	0.00
4545	0.00
4546	0.00
4547	0.00
4548	0.00
4549	0.00
4550	0.00
4551	0.00
4552	0.00
4553	0.00
4554	0.00
4555	0.00
4556	0.00
4557	0.00
4558	0.00
4559	0.00
4560	0.00
4561	0.00
4562	0.00
4563	0.00
4564	0.00
4565	0.00
4566	0.00
4567	0.00
4568	0.00
4569	0.00
4570	-22.40
4571	-282.10
4572	-544.20
4573	-700.20
4574	-826.30
4575	-924.20
4576	-794.80
4577	-402.00
4578	-88.90
4579	0.00
4580	0.00
4581	0.00
4582	0.00
4583	0.00
4584	0.00
4585	0.00
4586	0.00
4587	0.00
4588	0.00
4589	0.00
4590	0.00
4591	0.00
4592	-326.40
4593	-1033.00
4594	-1175.90
4595	-1304.40
4596	-1364.90
4597	-1445.20
4598	-1401.40
4599	-999.80
4600	-626.50
4601	-270.30
4602	-129.80
4603	-27.80
4604	0.00
4605	3733.33
4606	3733.33
4607	3733.33
4608	0.00
4609	0.00
4610	0.00
4611	0.00
4612	0.00
4613	0.00
4614	0.00
4615	-264.40
4616	-1523.60
4617	-1850.90
4618	-2004.90
4619	-2094.40
4620	-2314.20
4621	-2622.70
4622	-2827.40
4623	-2653.30
4624	-1747.70
4625	-809.10
4626	-462.70
4627	-239.40
4628	0.00
4629	0.00
4630	0.00
4631	0.00
4632	0.00
4633	0.00
4634	0.00
4635	0.00
4636	0.00
4637	0.00
4638	0.00
4639	0.00
4640	0.00
4641	0.00
4642	-669.30
4643	-1133.60
4644	-1453.80
4645	-2136.90
4646	-2178.30
4647	-2037.20
4648	-1395.20
4649	-1021.90
4650	-332.00
4651	-150.20
4652	0.00
4653	0.00
4654	0.00
4655	0.00
4656	0.00
4657	0.00
4658	0.00
4659	0.00
4660	0.00
4661	0.00
4662	0.00
4663	0.00
4664	0.00
4665	0.00
4666	0.00
4667	0.00
4668	-191.00
4669	-562.60
4670	-694.30
4671	-259.40
4672	-299.20
4673	-151.50
4674	-0.80
4675	0.00
4676	3733.33
4677	3733.33
4678	3733.33
4679	0.00
4680	0.00
4681	0.00
4682	0.00
4683	0.00
4684	0.00
4685	0.00
4686	0.00
4687	0.00
4688	0.00
4689	0.00
4690	0.00
4691	0.00
4692	0.00
4693	0.00
4694	0.00
4695	-75.40
4696	-106.10
4697	0.00
4698	0.00
4699	0.00
4700	0.00
4701	0.00
4702	0.00
4703	0.00
4704	0.00
4705	0.00
4706	0.00
4707	0.00
4708	0.00
4709	0.00
4710	0.00
4711	0.00
4712	0.00
4713	0.00
4714	0.00
4715	0.00
4716	0.00
4717	0.00
4718	0.00
4719	0.00
4720	0.00
4721	-54.40
4722	-3.40
4723	0.00
4724	0.00
4725	0.00
4726	0.00
4727	0.00
4728	0.00
4729	0.00
4730	0.00
4731	0.00
4732	0.00
4733	0.00
4734	0.00
4735	0.00
4736	0.00
4737	-143.90
4738	-355.50
4739	-273.30
4740	-324.80
4741	-396.30
4742	-763.20
4743	-1250.50
4744	-1244.30
4745	-799.20
4746	-280.50
4747	-82.70
4748	0.00
4749	3733.33
4750	3733.33
4751	3733.33
4752	0.00
4753	0.00
4754	0.00
4755	0.00
4756	0.00
4757	0.00
4758	0.00
4759	0.00
4760	-261.50
4761	-981.80
4762	-1486.90
4763	-1592.20
4764	-1706.10
4765	-1962.00
4766	-2373.40
4767	-2578.30
4768	-2319.90
4769	-1695.70
4770	-926.90
4771	-304.10
4772	0.00
4773	0.00
4774	0.00
4775	0.00
4776	0.00
4777	0.00
4778	0.00
4779	0.00
4780	0.00
4781	0.00
4782	-243.80
4783	-1459.70
4784	-1635.10
4785	-1879.80
4786	-2200.60
4787	-2683.60
4788	-3102.30
4789	-3318.50
4790	-3288.60
4791	-3197.70
4792	-3070.50
4793	-2965.40
4794	-2047.30
4795	-990.80
4796	-309.80
4797	-211.40
4798	-104.30
4799	0.00
4800	0.00
4801	0.00
4802	0.00
4803	0.00
4804	0.00
4805	0.00
4806	0.00
4807	-187.60
4808	-1077.50
4809	-1744.70
4810	-2243.50
4811	-2733.10
4812	-3177.60
4813	-3265.90
4814	-3213.70
4815	-2967.50
4816	-2634.50
4817	-2244.80
4818	-1402.60
4819	-677.90
4820	-176.50
4821	-153.30
4822	-64.70
4823	-8.60
4824	0.00
4825	3733.33
4826	3733.33
4827	3733.33
4828	0.00
4829	0.00
4830	0.00
4831	-199.10
4832	-1415.10
4833	-1617.50
4834	-1633.90
4835	-1269.80
4836	-1942.00
4837	-2467.20
4838	-2461.80
4839	-2383.50
4840	-1876.20
4841	-665.60
4842	-92.80
4843	-86.70
4844	0.00
4845	0.00
4846	0.00
4847	0.00
4848	0.00
4849	0.00
4850	0.00
4851	0.00
4852	0.00
4853	0.00
4854	0.00
4855	0.00
4856	0.00
4857	0.00
4858	-19.00
4859	-134.40
4860	-145.50
4861	-89.90
4862	-117.70
4863	-140.10
4864	-142.10
4865	-108.60
4866	-4.60
4867	0.00
4868	0.00
4869	0.00
4870	0.00
4871	0.00
4872	0.00
4873	0.00
4874	0.00
4875	0.00
4876	0.00
4877	0.00
4878	0.00
4879	0.00
4880	0.00
4881	0.00
4882	0.00
4883	0.00
4884	0.00
4885	0.00
4886	0.00
4887	0.00
4888	0.00
4889	0.00
4890	0.00
4891	0.00
4892	0.00
4893	0.00
4894	0.00
4895	0.00
4896	0.00
4897	0.00
4898	0.00
4899	0.00
4900	0.00
4901	0.00
4902	0.00
4903	3733.33
4904	3733.33
4905	3733.33
4906	0.00
4907	0.00
4908	0.00
4909	0.00
4910	0.00
4911	0.00
4912	0.00
4913	0.00
4914	0.00
4915	0.00
4916	0.00
4917	0.00
4918	0.00
4919	0.00
4920	0.00
4921	0.00
4922	0.00
4923	0.00
4924	0.00
4925	0.00
4926	0.00
4927	0.00
4928	0.00
4929	0.00
4930	0.00
4931	0.00
4932	0.00
4933	0.00
4934	-48.00
4935	-101.30
4936	-105.40
4937	0.00
4938	0.00
4939	0.00
4940	0.00
4941	0.00
4942	0.00
4943	0.00
4944	0.00
4945	0.00
4946	0.00
4947	0.00
4948	0.00
4949	0.00
4950	0.00
4951	0.00
4952	0.00
4953	0.00
4954	0.00
4955	0.00
4956	0.00
4957	0.00
4958	0.00
4959	0.00
4960	0.00
4961	0.00
4962	0.00
4963	0.00
4964	0.00
4965	0.00
4966	0.00
4967	0.00
4968	0.00
4969	0.00
4970	0.00
4971	0.00
4972	0.00
4973	0.00
4974	0.00
4975	0.00
4976	0.00
4977	0.00
4978	0.00
4979	0.00
4980	0.00
4981	-3.70
4982	-231.20
4983	-267.50
4984	-140.40
4985	-0.20
4986	0.00
4987	3733.33
4988	3733.33
4989	3733.33
4990	0.00
4991	0.00
4992	0.00
4993	0.00
4994	0.00
4995	0.00
4996	0.00
4997	0.00
4998	0.00
4999	0.00
5000	0.00
5001	-1271.70
5002	-1498.30
5003	-1507.90
5004	-2022.20
5005	-2235.60
5006	-2561.40
5007	-2584.10
5008	-1564.90
5009	-850.50
5010	-313.30
5011	-35.40
5012	0.00
5013	0.00
5014	0.00
5015	0.00
5016	0.00
5017	0.00
5018	0.00
5019	0.00
5020	0.00
5021	0.00
5022	0.00
5023	0.00
5024	0.00
5025	-27.10
5026	-1049.90
5027	-1170.10
5028	-1173.50
5029	-947.10
5030	-618.90
5031	-164.80
5032	-50.60
5033	-0.20
5034	0.00
5035	0.00
5036	0.00
5037	0.00
5038	0.00
5039	0.00
5040	0.00
5041	0.00
5042	0.00
5043	0.00
5044	0.00
5045	0.00
5046	0.00
5047	0.00
5048	-38.60
5049	-917.80
5050	-1281.60
5051	-1340.50
5052	-1543.10
5053	-1618.70
5054	-1850.40
5055	-1907.00
5056	-1523.20
5057	-921.70
5058	-194.40
5059	-38.40
5060	0.00
5061	3733.33
5062	3733.33
5063	3733.33
5064	0.00
5065	0.00
5066	0.00
5067	0.00
5068	0.00
5069	0.00
5070	0.00
5071	-19.00
5072	-892.50
5073	-1326.60
5074	-1047.00
5075	-677.40
5076	-410.50
5077	-341.40
5078	-14.70
5079	0.00
5080	0.00
5081	0.00
5082	0.00
5083	0.00
5084	0.00
5085	0.00
5086	0.00
5087	0.00
5088	0.00
5089	0.00
5090	0.00
5091	0.00
5092	0.00
5093	0.00
5094	0.00
5095	0.00
5096	0.00
5097	0.00
5098	0.00
5099	0.00
5100	0.00
5101	0.00
5102	0.00
5103	0.00
5104	0.00
5105	0.00
5106	0.00
5107	0.00
5108	0.00
5109	0.00
5110	0.00
5111	0.00
5112	0.00
5113	0.00
5114	0.00
5115	0.00
5116	0.00
5117	0.00
5118	0.00
5119	0.00
5120	0.00
5121	0.00
5122	0.00
5123	0.00
5124	0.00
5125	0.00
5126	0.00
5127	0.00
5128	0.00
5129	0.00
5130	0.00
5131	0.00
5132	0.00
5133	0.00
5134	0.00
5135	0.00
5136	0.00
5137	0.00
5138	0.00
5139	0.00
5140	0.00
5141	0.00
5142	0.00
5143	0.00
5144	0.00
5145	0.00
5146	0.00
5147	3733.33
5148	3733.33
5149	3733.33
5150	-33.80
5151	-168.20
5152	-204.90
5153	-62.60
5154	0.00
5155	0.00
5156	0.00
5157	0.00
5158	0.00
5159	0.00
5160	0.00
5161	0.00
5162	0.00
5163	0.00
5164	0.00
5165	0.00
5166	0.00
5167	0.00
5168	0.00
5169	0.00
5170	0.00
5171	0.00
5172	0.00
5173	0.00
5174	0.00
5175	-8.20
5176	-0.50
5177	0.00
5178	0.00
5179	0.00
5180	0.00
5181	0.00
5182	0.00
5183	0.00
5184	0.00
5185	0.00
5186	0.00
5187	0.00
5188	0.00
5189	0.00
5190	0.00
5191	0.00
5192	0.00
5193	0.00
5194	0.00
5195	0.00
5196	0.00
5197	0.00
5198	0.00
5199	0.00
5200	0.00
5201	0.00
5202	0.00
5203	0.00
5204	0.00
5205	0.00
5206	0.00
5207	0.00
5208	0.00
5209	0.00
5210	0.00
5211	0.00
5212	0.00
5213	0.00
5214	0.00
5215	0.00
5216	0.00
5217	-132.70
5218	-402.30
5219	-396.60
5220	-404.80
5221	-445.50
5222	-554.40
5223	-769.90
5224	-679.00
5225	-315.10
5226	-34.70
5227	0.00
5228	3733.33
5229	3733.33
5230	3733.33
5231	0.00
5232	0.00
5233	0.00
5234	0.00
5235	0.00
5236	0.00
5237	0.00
5238	0.00
5239	0.00
5240	0.00
5241	-571.20
5242	-988.20
5243	-929.50
5244	-1056.30
5245	-1521.80
5246	-2048.00
5247	-2044.70
5248	-1427.80
5249	-521.00
5250	-147.70
5251	-1.20
5252	0.00
5253	0.00
5254	0.00
5255	0.00
5256	0.00
5257	0.00
5258	0.00
5259	0.00
5260	0.00
5261	0.00
5262	0.00
5263	-16.20
5264	-1094.50
5265	-1613.70
5266	-1609.80
5267	-1758.60
5268	-2273.70
5269	-2844.60
5270	-3090.30
5271	-3019.80
5272	-2931.60
5273	-2561.50
5274	-1810.30
5275	-826.00
5276	-293.10
5277	-210.50
5278	-46.90
5279	0.00
5280	0.00
5281	0.00
5282	0.00
5283	0.00
5284	0.00
5285	0.00
5286	0.00
5287	0.00
5288	0.00
5289	0.00
5290	-375.70
5291	-1416.10
5292	-1798.70
5293	-2087.30
5294	-2213.30
5295	-2033.00
5296	-1644.50
5297	-1202.50
5298	-409.20
5299	-147.20
5300	0.00
5301	0.00
5302	3733.33
5303	3733.33
5304	3733.33
5305	0.00
5306	0.00
5307	0.00
5308	0.00
5309	0.00
5310	0.00
5311	-214.80
5312	-1338.50
5313	-1578.70
5314	-1776.00
5315	-2200.10
5316	-2767.20
5317	-3153.20
5318	-3118.80
5319	-2858.70
5320	-2566.60
5321	-2267.10
5322	-1727.60
5323	-919.20
5324	-276.10
5325	-166.60
5326	-33.60
5327	0.00
5328	0.00
5329	0.00
5330	0.00
5331	0.00
5332	0.00
5333	0.00
5334	0.00
5335	-1031.70
5336	-1880.10
5337	-2519.00
5338	-3239.60
5339	-3812.50
5340	-3919.50
5341	-3983.70
5342	-3862.20
5343	-3854.80
5344	-3739.10
5345	-3403.10
5346	-2658.00
5347	-1740.00
5348	-1070.80
5349	-807.90
5350	-405.00
5351	-77.30
5352	0.00
5353	0.00
5354	0.00
5355	0.00
5356	0.00
5357	0.00
5358	0.00
5359	-74.40
5360	-1533.50
5361	-2702.40
5362	-3411.40
5363	-3805.50
5364	-3936.20
5365	-3914.30
5366	-3669.40
5367	-3467.50
5368	-3546.60
5369	-3400.90
5370	-2824.20
5371	-2004.20
5372	-1227.90
5373	-962.10
5374	-443.70
5375	-52.80
5376	0.00
5377	0.00
5378	0.00
5379	0.00
5380	0.00
5381	0.00
5382	0.00
5383	-309.70
5384	-1399.50
5385	-1899.90
5386	-1881.30
5387	-1851.50
5388	-2051.70
5389	-2474.40
5390	-2207.30
5391	-1630.40
5392	-1347.30
5393	-385.90
5394	-4.80
5395	0.00
5396	3733.33
5397	3733.33
5398	3733.33
5399	0.00
5400	0.00
5401	0.00
5402	0.00
5403	0.00
5404	0.00
5405	0.00
5406	0.00
5407	0.00
5408	0.00
5409	0.00
5410	0.00
5411	0.00
5412	0.00
5413	-23.70
5414	-78.60
5415	-27.50
5416	-173.30
5417	-19.60
5418	0.00
5419	0.00
5420	0.00
5421	0.00
5422	0.00
5423	0.00
5424	0.00
5425	0.00
5426	0.00
5427	0.00
5428	0.00
5429	0.00
5430	0.00
5431	0.00
5432	0.00
5433	0.00
5434	0.00
5435	0.00
5436	-32.50
5437	-404.50
5438	-1206.00
5439	-1548.40
5440	-1332.00
5441	-659.70
5442	-91.10
5443	-53.80
5444	0.00
5445	0.00
5446	0.00
5447	0.00
5448	0.00
5449	0.00
5450	0.00
5451	0.00
5452	0.00
5453	0.00
5454	0.00
5455	0.00
5456	-268.60
5457	-714.00
5458	-1125.40
5459	-1193.50
5460	-1509.70
5461	-1693.50
5462	-1782.20
5463	-1291.10
5464	-369.40
5465	-9.80
5466	0.00
5467	0.00
5468	0.00
5469	0.00
5470	0.00
5471	0.00
5472	0.00
5473	0.00
5474	0.00
5475	0.00
5476	0.00
5477	0.00
5478	0.00
5479	0.00
5480	-56.90
5481	-913.50
5482	-988.80
5483	-997.10
5484	-1397.50
5485	-1808.30
5486	-2051.80
5487	-1695.80
5488	-1023.60
5489	-374.20
5490	-126.40
5491	-1.10
5492	0.00
5493	3733.33
5494	3733.33
5495	3733.33
5496	0.00
5497	0.00
5498	0.00
5499	0.00
5500	0.00
5501	0.00
5502	0.00
5503	0.00
5504	0.00
5505	0.00
5506	0.00
5507	-90.80
5508	-187.70
5509	-478.90
5510	-1313.90
5511	-1237.30
5512	-328.40
5513	-19.70
5514	0.00
5515	0.00
5516	0.00
5517	0.00
5518	0.00
5519	0.00
5520	0.00
5521	0.00
5522	0.00
5523	0.00
5524	0.00
5525	0.00
5526	0.00
5527	0.00
5528	0.00
5529	-110.90
5530	-284.70
5531	-387.30
5532	-515.90
5533	-885.20
5534	-1267.70
5535	-1393.00
5536	-1070.50
5537	-310.90
5538	0.00
5539	0.00
5540	0.00
5541	0.00
5542	0.00
5543	0.00
5544	0.00
5545	0.00
5546	0.00
5547	0.00
5548	0.00
5549	0.00
5550	0.00
5551	0.00
5552	0.00
5553	0.00
5554	-163.60
5555	-438.10
5556	-529.70
5557	-1042.70
5558	-1418.20
5559	-1412.80
5560	-1043.00
5561	-461.80
5562	-13.50
5563	0.00
5564	3733.33
5565	3733.33
5566	3733.33
5567	0.00
5568	0.00
5569	0.00
5570	0.00
5571	0.00
5572	0.00
5573	0.00
5574	0.00
5575	0.00
5576	0.00
5577	0.00
5578	0.00
5579	0.00
5580	0.00
5581	0.00
5582	0.00
5583	0.00
5584	0.00
5585	0.00
5586	0.00
5587	0.00
5588	0.00
5589	0.00
5590	0.00
5591	0.00
5592	0.00
5593	0.00
5594	0.00
5595	0.00
5596	0.00
5597	0.00
5598	0.00
5599	0.00
5600	0.00
5601	0.00
5602	0.00
5603	0.00
5604	0.00
5605	0.00
5606	0.00
5607	0.00
5608	0.00
5609	0.00
5610	0.00
5611	0.00
5612	0.00
5613	0.00
5614	0.00
5615	0.00
5616	0.00
5617	0.00
5618	0.00
5619	0.00
5620	0.00
5621	0.00
5622	0.00
5623	0.00
5624	0.00
5625	0.00
5626	0.00
5627	0.00
5628	0.00
5629	0.00
5630	0.00
5631	0.00
5632	0.00
5633	0.00
5634	0.00
5635	0.00
5636	3733.33
5637	3733.33
5638	3733.33
5639	0.00
5640	0.00
5641	0.00
5642	0.00
5643	0.00
5644	0.00
5645	0.00
5646	0.00
5647	0.00
5648	0.00
5649	0.00
5650	0.00
5651	0.00
5652	0.00
5653	0.00
5654	0.00
5655	0.00
5656	0.00
5657	0.00
5658	0.00
5659	0.00
5660	0.00
5661	0.00
5662	0.00
5663	0.00
5664	0.00
5665	0.00
5666	0.00
5667	0.00
5668	0.00
5669	0.00
5670	0.00
5671	0.00
5672	0.00
5673	0.00
5674	0.00
5675	0.00
5676	0.00
5677	0.00
5678	0.00
5679	0.00
5680	0.00
5681	0.00
5682	0.00
5683	0.00
5684	0.00
5685	0.00
5686	0.00
5687	0.00
5688	0.00
5689	0.00
5690	0.00
5691	0.00
5692	0.00
5693	0.00
5694	0.00
5695	0.00
5696	0.00
5697	-29.10
5698	-346.80
5699	-388.80
5700	-362.50
5701	-232.40
5702	-191.60
5703	-215.20
5704	-10.40
5705	0.00
5706	0.00
5707	0.00
5708	3733.33
5709	3733.33
5710	3733.33
5711	0.00
5712	0.00
5713	0.00
5714	0.00
5715	0.00
5716	0.00
5717	0.00
5718	0.00
5719	0.00
5720	0.00
5721	0.00
5722	0.00
5723	-15.90
5724	-142.60
5725	-153.10
5726	-13.70
5727	0.00
5728	0.00
5729	0.00
5730	0.00
5731	0.00
5732	0.00
5733	0.00
5734	0.00
5735	0.00
5736	0.00
5737	0.00
5738	0.00
5739	0.00
5740	0.00
5741	0.00
5742	0.00
5743	0.00
5744	0.00
5745	0.00
5746	0.00
5747	0.00
5748	0.00
5749	0.00
5750	0.00
5751	0.00
5752	0.00
5753	0.00
5754	0.00
5755	0.00
5756	0.00
5757	0.00
5758	0.00
5759	0.00
5760	0.00
5761	0.00
5762	0.00
5763	0.00
5764	0.00
5765	0.00
5766	0.00
5767	0.00
5768	0.00
5769	0.00
5770	0.00
5771	0.00
5772	0.00
5773	0.00
5774	0.00
5775	0.00
5776	3733.33
5777	3733.33
5778	3733.33
5779	0.00
5780	0.00
5781	0.00
5782	0.00
5783	0.00
5784	0.00
5785	0.00
5786	0.00
5787	0.00
5788	0.00
5789	0.00
5790	0.00
5791	0.00
5792	0.00
5793	0.00
5794	0.00
5795	0.00
5796	0.00
5797	0.00
5798	0.00
5799	0.00
5800	0.00
5801	0.00
5802	0.00
5803	0.00
5804	0.00
5805	0.00
5806	0.00
5807	0.00
5808	0.00
5809	0.00
5810	0.00
5811	0.00
5812	0.00
5813	0.00
5814	0.00
5815	0.00
5816	0.00
5817	0.00
5818	3733.33
5819	3733.33
5820	3733.33
5821	0.00
5822	0.00
5823	0.00
5824	0.00
5825	0.00
5826	0.00
5827	0.00
5828	0.00
5829	0.00
5830	0.00
5831	0.00
5832	0.00
5833	0.00
5834	0.00
5835	0.00
5836	0.00
5837	0.00
5838	0.00
5839	0.00
5840	0.00
5841	0.00
5842	0.00
5843	0.00
5844	3733.33
5845	3733.33
5846	3733.33
5847	0.00
5848	0.00
5849	0.00
5850	0.00
5851	0.00
5852	0.00
5853	0.00
5854	0.00
5855	0.00
5856	0.00
5857	0.00
5858	0.00
5859	0.00
5860	0.00
5861	0.00
5862	0.00
5863	0.00
5864	0.00
5865	0.00
5866	0.00
5867	0.00
5868	0.00
5869	0.00
5870	0.00
5871	0.00
5872	0.00
5873	0.00
5874	0.00
5875	0.00
5876	0.00
5877	0.00
5878	0.00
5879	0.00
5880	0.00
5881	0.00
5882	0.00
5883	0.00
5884	0.00
5885	0.00
5886	0.00
5887	3733.33
5888	3733.33
5889	3733.33
5890	0.00
5891	0.00
5892	0.00
5893	-19.60
5894	-9.10
5895	0.00
5896	0.00
5897	0.00
5898	0.00
5899	0.00
5900	0.00
5901	0.00
5902	0.00
5903	0.00
5904	0.00
5905	0.00
5906	0.00
5907	0.00
5908	0.00
5909	0.00
5910	0.00
5911	0.00
5912	0.00
5913	0.00
5914	0.00
5915	0.00
5916	0.00
5917	0.00
5918	0.00
5919	0.00
5920	0.00
5921	0.00
5922	0.00
5923	0.00
5924	0.00
5925	0.00
5926	0.00
5927	0.00
5928	0.00
5929	0.00
5930	0.00
5931	0.00
5932	0.00
5933	0.00
5934	0.00
5935	0.00
5936	0.00
5937	0.00
5938	0.00
5939	0.00
5940	0.00
5941	0.00
5942	0.00
5943	0.00
5944	0.00
5945	0.00
5946	0.00
5947	0.00
5948	3733.33
5949	3733.33
5950	3733.33
5951	0.00
5952	0.00
5953	0.00
5954	0.00
5955	0.00
5956	0.00
5957	0.00
5958	0.00
5959	0.00
5960	0.00
5961	0.00
5962	0.00
5963	0.00
5964	0.00
5965	0.00
5966	0.00
5967	0.00
5968	0.00
5969	0.00
5970	0.00
5971	0.00
5972	0.00
5973	0.00
5974	0.00
5975	0.00
5976	0.00
5977	0.00
5978	0.00
5979	0.00
5980	0.00
5981	0.00
5982	0.00
5983	0.00
5984	0.00
5985	0.00
5986	0.00
5987	0.00
5988	0.00
5989	0.00
5990	0.00
5991	0.00
5992	0.00
5993	0.00
5994	0.00
5995	0.00
5996	0.00
5997	0.00
5998	0.00
5999	0.00
6000	0.00
6001	0.00
6002	0.00
6003	0.00
6004	0.00
6005	0.00
6006	0.00
6007	0.00
6008	0.00
6009	0.00
6010	-46.10
6011	-333.50
6012	-375.60
6013	-499.70
6014	-347.40
6015	-225.80
6016	0.00
6017	3733.33
6018	3733.33
6019	3733.33
6020	0.00
6021	0.00
6022	0.00
6023	0.00
6024	0.00
6025	0.00
6026	0.00
6027	0.00
6028	0.00
6029	0.00
6030	0.00
6031	0.00
6032	0.00
6033	-522.50
6034	-796.30
6035	-824.00
6036	-873.40
6037	-1019.80
6038	-1253.70
6039	-1243.40
6040	-585.20
6041	-91.10
6042	-0.80
6043	0.00
6044	0.00
6045	0.00
6046	0.00
6047	0.00
6048	0.00
6049	0.00
6050	0.00
6051	0.00
6052	0.00
6053	0.00
6054	0.00
6055	0.00
6056	0.00
6057	0.00
6058	0.00
6059	0.00
6060	0.00
6061	0.00
6062	0.00
6063	0.00
6064	0.00
6065	0.00
6066	0.00
6067	0.00
6068	0.00
6069	0.00
6070	0.00
6071	0.00
6072	0.00
6073	0.00
6074	0.00
6075	0.00
6076	0.00
6077	0.00
6078	0.00
6079	0.00
6080	0.00
6081	0.00
6082	0.00
6083	0.00
6084	0.00
6085	0.00
6086	0.00
6087	0.00
6088	0.00
6089	0.00
6090	0.00
6091	0.00
6092	0.00
6093	0.00
6094	3733.33
6095	3733.33
6096	3733.33
6097	0.00
6098	0.00
6099	0.00
6100	0.00
6101	0.00
6102	0.00
6103	0.00
6104	0.00
6105	0.00
6106	0.00
6107	0.00
6108	0.00
6109	0.00
6110	0.00
6111	0.00
6112	0.00
6113	0.00
6114	0.00
6115	0.00
6116	0.00
6117	0.00
6118	0.00
6119	0.00
6120	0.00
6121	0.00
6122	0.00
6123	0.00
6124	0.00
6125	0.00
6126	0.00
6127	0.00
6128	0.00
6129	0.00
6130	0.00
6131	0.00
6132	0.00
6133	0.00
6134	0.00
6135	0.00
6136	0.00
6137	0.00
6138	0.00
6139	0.00
6140	0.00
6141	0.00
6142	0.00
6143	3733.33
6144	3733.33
6145	3733.33
6146	0.00
6147	0.00
6148	0.00
6149	0.00
6150	0.00
6151	0.00
6152	0.00
6153	0.00
6154	0.00
6155	0.00
6156	0.00
6157	0.00
6158	0.00
6159	0.00
6160	0.00
6161	0.00
6162	0.00
6163	0.00
6164	0.00
6165	0.00
6166	0.00
6167	0.00
6168	0.00
6169	0.00
6170	0.00
6171	0.00
6172	0.00
6173	0.00
6174	0.00
6175	0.00
6176	0.00
6177	0.00
6178	0.00
6179	0.00
6180	0.00
6181	0.00
6182	0.00
6183	0.00
6184	0.00
6185	0.00
6186	3733.33
6187	3733.33
6188	3733.33
6189	0.00
6190	0.00
6191	0.00
6192	0.00
6193	0.00
6194	0.00
6195	0.00
6196	0.00
6197	0.00
6198	0.00
6199	0.00
6200	0.00
6201	0.00
6202	0.00
6203	0.00
6204	0.00
6205	0.00
6206	0.00
6207	0.00
6208	0.00
6209	0.00
6210	0.00
6211	0.00
6212	0.00
6213	0.00
6214	0.00
6215	0.00
6216	0.00
6217	0.00
6218	0.00
6219	0.00
6220	0.00
6221	0.00
6222	3733.33
6223	3733.33
6224	3733.33
6225	3733.33
6226	0.00
6227	0.00
6228	0.00
6229	0.00
6230	0.00
6231	0.00
6232	0.00
6233	0.00
6234	0.00
6235	0.00
6236	0.00
6237	0.00
6238	0.00
6239	0.00
6240	0.00
6241	0.00
6242	0.00
6243	0.00
6244	0.00
6245	0.00
6246	0.00
6247	0.00
6248	0.00
6249	0.00
6250	0.00
6251	0.00
6252	0.00
6253	0.00
6254	0.00
6255	0.00
6256	0.00
6257	0.00
6258	0.00
6259	3733.33
6260	3733.33
6261	3733.33
6262	0.00
6263	0.00
6264	0.00
6265	0.00
6266	0.00
6267	0.00
6268	0.00
6269	0.00
6270	0.00
6271	0.00
6272	0.00
6273	0.00
6274	0.00
6275	0.00
6276	0.00
6277	0.00
6278	0.00
6279	0.00
6280	0.00
6281	3733.33
6282	3733.33
6283	3733.33
6284	0.00
6285	0.00
6286	0.00
6287	0.00
6288	0.00
6289	0.00
6290	0.00
6291	0.00
6292	0.00
6293	0.00
6294	0.00
6295	0.00
6296	0.00
6297	0.00
6298	0.00
6299	0.00
6300	0.00
6301	0.00
6302	0.00
6303	0.00
6304	0.00
6305	0.00
6306	0.00
6307	0.00
6308	0.00
6309	3733.33
6310	3733.33
6311	3733.33
6312	0.00
6313	0.00
6314	0.00
6315	0.00
6316	0.00
6317	0.00
6318	0.00
6319	0.00
6320	0.00
6321	0.00
6322	0.00
6323	0.00
6324	0.00
6325	0.00
6326	0.00
6327	3733.33
6328	3733.33
6329	3733.33
6330	0.00
6331	0.00
6332	0.00
6333	0.00
6334	0.00
6335	0.00
6336	0.00
6337	0.00
6338	0.00
6339	0.00
6340	0.00
6341	0.00
6342	3733.33
6343	3733.33
6344	3733.33
6345	3733.33
6346	3733.33
6347	0.00
6348	0.00
6349	0.00
6350	0.00
6351	0.00
6352	0.00
6353	0.00
6354	0.00
6355	0.00
6356	0.00
6357	0.00
6358	0.00
6359	0.00
6360	0.00
6361	0.00
6362	0.00
6363	0.00
6364	0.00
6365	0.00
6366	3733.33
6367	3733.33
6368	3733.33
6369	3733.33
6370	3733.33
6371	0.00
6372	0.00
6373	0.00
6374	0.00
6375	3733.33
6376	3733.33
6377	3733.33
6378	3733.33
6379	0.00
6380	0.00
6381	0.00
6382	3733.33
6383	3733.33
6384	3733.33
6385	3733.33
6386	0.00
6387	0.00
6388	0.00
6389	0.00
6390	0.00
6391	0.00
6392	3733.33
6393	3733.33
6394	3733.33
6395	3733.33
6396	0.00
6397	0.00
6398	0.00
6399	0.00
6400	0.00
6401	0.00
6402	0.00
6403	0.00
6404	0.00
6405	0.00
6406	0.00
6407	0.00
6408	0.00
6409	0.00
6410	0.00
6411	0.00
6412	0.00
6413	0.00
6414	3733.33
6415	3733.33
6416	3733.33
6417	3733.33
6418	3733.33
6419	3733.33
6420	0.00
6421	0.00
6422	0.00
6423	0.00
6424	0.00
6425	0.00
6426	0.00
6427	0.00
6428	0.00
6429	0.00
6430	0.00
6431	3733.33
6432	3733.33
6433	3733.33
6434	0.00
6435	0.00
6436	0.00
6437	0.00
6438	0.00
6439	0.00
6440	3733.33
6441	3733.33
6442	3733.33
6443	3733.33
6444	0.00
6445	0.00
6446	0.00
6447	0.00
6448	0.00
6449	0.00
6450	0.00
6451	0.00
6452	0.00
6453	0.00
6454	3733.33
6455	3733.33
6456	3733.33
6457	0.00
6458	0.00
6459	0.00
6460	0.00
6461	0.00
6462	0.00
6463	0.00
6464	3733.33
6465	3733.33
6466	3733.33
6467	3733.33
6468	0.00
6469	0.00
6470	0.00
6471	0.00
6472	0.00
6473	0.00
6474	0.00
6475	0.00
6476	0.00
6477	0.00
6478	0.00
6479	0.00
6480	0.00
6481	0.00
6482	0.00
6483	0.00
6484	0.00
6485	0.00
6486	0.00
6487	3733.33
6488	3733.33
6489	3733.33
6490	3733.33
6491	0.00
6492	0.00
6493	0.00
6494	0.00
6495	0.00
6496	0.00
6497	0.00
6498	0.00
6499	0.00
6500	0.00
6501	0.00
6502	0.00
6503	0.00
6504	0.00
6505	0.00
6506	0.00
6507	0.00
6508	0.00
6509	0.00
6510	0.00
6511	3733.33
6512	3733.33
6513	3733.33
6514	3733.33
6515	0.00
6516	0.00
6517	0.00
6518	0.00
6519	0.00
6520	0.00
6521	0.00
6522	0.00
6523	0.00
6524	0.00
6525	0.00
6526	0.00
6527	0.00
6528	0.00
6529	0.00
6530	0.00
6531	0.00
6532	0.00
6533	0.00
6534	0.00
6535	0.00
6536	0.00
6537	0.00
6538	0.00
6539	0.00
6540	3733.33
6541	3733.33
6542	3733.33
6543	0.00
6544	0.00
6545	0.00
6546	0.00
6547	0.00
6548	0.00
6549	0.00
6550	0.00
6551	0.00
6552	0.00
6553	0.00
6554	0.00
6555	0.00
6556	0.00
6557	0.00
6558	0.00
6559	0.00
6560	0.00
6561	0.00
6562	3733.33
6563	3733.33
6564	3733.33
6565	0.00
6566	0.00
6567	0.00
6568	0.00
6569	0.00
6570	0.00
6571	0.00
6572	0.00
6573	0.00
6574	0.00
6575	0.00
6576	0.00
6577	0.00
6578	0.00
6579	0.00
6580	0.00
6581	0.00
6582	0.00
6583	3733.33
6584	3733.33
6585	3733.33
6586	0.00
6587	0.00
6588	0.00
6589	0.00
6590	0.00
6591	0.00
6592	0.00
6593	0.00
6594	0.00
6595	0.00
6596	0.00
6597	0.00
6598	0.00
6599	0.00
6600	0.00
6601	0.00
6602	0.00
6603	0.00
6604	0.00
6605	0.00
6606	0.00
6607	0.00
6608	0.00
6609	0.00
6610	0.00
6611	0.00
6612	0.00
6613	0.00
6614	0.00
6615	0.00
6616	0.00
6617	0.00
6618	3733.33
6619	3733.33
6620	3733.33
6621	3733.33
6622	0.00
6623	0.00
6624	0.00
6625	0.00
6626	0.00
6627	0.00
6628	0.00
6629	0.00
6630	0.00
6631	0.00
6632	0.00
6633	0.00
6634	0.00
6635	0.00
6636	0.00
6637	0.00
6638	0.00
6639	0.00
6640	0.00
6641	0.00
6642	0.00
6643	0.00
6644	0.00
6645	0.00
6646	0.00
6647	0.00
6648	0.00
6649	0.00
6650	0.00
6651	0.00
6652	0.00
6653	0.00
6654	3733.33
6655	3733.33
6656	3733.33
6657	3733.33
6658	3733.33
6659	0.00
6660	0.00
6661	0.00
6662	0.00
6663	0.00
6664	0.00
6665	0.00
6666	0.00
6667	0.00
6668	3733.33
6669	3733.33
6670	3733.33
6671	3733.33
6672	0.00
6673	0.00
6674	0.00
6675	0.00
6676	0.00
6677	0.00
6678	0.00
6679	3733.33
6680	3733.33
6681	3733.33
6682	3733.33
6683	3733.33
6684	0.00
6685	0.00
6686	0.00
6687	0.00
6688	3733.33
6689	3733.33
6690	3733.33
6691	3733.33
6692	3733.33
6693	3733.33
6694	0.00
6695	0.00
6696	0.00
6697	0.00
6698	0.00
6699	0.00
6700	0.00
6701	0.00
6702	3733.33
6703	3733.33
6704	3733.33
6705	3733.33
6706	3733.33
6707	0.00
6708	0.00
6709	3733.33
6710	3733.33
6711	3733.33
6712	3733.33
6713	3733.33
6714	0.00
6715	0.00
6716	0.00
6717	3733.33
6718	3733.33
6719	3733.33
6720	3733.33
6721	0.00
6722	0.00
6723	0.00
6724	0.00
6725	0.00
6726	0.00
6727	3733.33
6728	3733.33
6729	3733.33
6730	3733.33
6731	3733.33
6732	0.00
6733	0.00
6734	0.00
6735	0.00
6736	0.00
6737	0.00
6738	0.00
6739	0.00
6740	0.00
6741	3733.33
6742	3733.33
6743	3733.33
6744	3733.33
6745	0.00
6746	0.00
6747	0.00
6748	0.00
6749	0.00
6750	0.00
6751	0.00
6752	0.00
6753	3733.33
6754	3733.33
6755	3733.33
6756	3733.33
6757	0.00
6758	0.00
6759	0.00
6760	0.00
6761	0.00
6762	0.00
6763	0.00
6764	0.00
6765	0.00
6766	0.00
6767	3733.33
6768	3733.33
6769	3733.33
6770	0.00
6771	0.00
6772	0.00
6773	0.00
6774	0.00
6775	0.00
6776	0.00
6777	3733.33
6778	3733.33
6779	3733.33
6780	3733.33
6781	3733.33
6782	0.00
6783	0.00
6784	0.00
6785	0.00
6786	0.00
6787	0.00
6788	3733.33
6789	3733.33
6790	3733.33
6791	3733.33
6792	0.00
6793	0.00
6794	0.00
6795	0.00
6796	0.00
6797	0.00
6798	0.00
6799	0.00
6800	3733.33
6801	3733.33
6802	3733.33
6803	3733.33
6804	3733.33
6805	0.00
6806	0.00
6807	0.00
6808	0.00
6809	0.00
6810	0.00
6811	3733.33
6812	3733.33
6813	3733.33
6814	3733.33
6815	3733.33
6816	0.00
6817	0.00
6818	0.00
6819	0.00
6820	0.00
6821	0.00
6822	0.00
6823	0.00
6824	0.00
6825	3733.33
6826	3733.33
6827	3733.33
6828	3733.33
6829	0.00
6830	0.00
6831	0.00
6832	0.00
6833	0.00
6834	0.00
6835	0.00
6836	0.00
6837	3733.33
6838	3733.33
6839	3733.33
6840	3733.33
6841	0.00
6842	0.00
6843	0.00
6844	0.00
6845	0.00
6846	0.00
6847	0.00
6848	3733.33
6849	3733.33
6850	3733.33
6851	3733.33
6852	0.00
6853	0.00
6854	0.00
6855	0.00
6856	0.00
6857	0.00
6858	0.00
6859	0.00
6860	0.00
6861	3733.33
6862	3733.33
6863	3733.33
6864	3733.33
6865	0.00
6866	0.00
6867	0.00
6868	0.00
6869	0.00
6870	0.00
6871	0.00
6872	3733.33
6873	3733.33
6874	3733.33
6875	3733.33
6876	0.00
6877	0.00
6878	0.00
6879	0.00
6880	0.00
6881	0.00
6882	0.00
6883	0.00
6884	0.00
6885	3733.33
6886	3733.33
6887	3733.33
6888	3733.33
6889	0.00
6890	0.00
6891	0.00
6892	0.00
6893	0.00
6894	0.00
6895	0.00
6896	0.00
6897	3733.33
6898	3733.33
6899	3733.33
6900	0.00
6901	0.00
6902	0.00
6903	0.00
6904	0.00
6905	0.00
6906	0.00
6907	0.00
6908	0.00
6909	0.00
6910	0.00
6911	3733.33
6912	3733.33
6913	3733.33
6914	0.00
6915	0.00
6916	0.00
6917	0.00
6918	0.00
6919	0.00
6920	3733.33
6921	3733.33
6922	3733.33
6923	3733.33
6924	0.00
6925	0.00
6926	0.00
6927	0.00
6928	0.00
6929	0.00
6930	0.00
6931	0.00
6932	0.00
6933	0.00
6934	0.00
6935	0.00
6936	0.00
6937	0.00
6938	0.00
6939	0.00
6940	0.00
6941	0.00
6942	3733.33
6943	3733.33
6944	3733.33
6945	3733.33
6946	0.00
6947	0.00
6948	0.00
6949	0.00
6950	0.00
6951	0.00
6952	0.00
6953	0.00
6954	0.00
6955	0.00
6956	0.00
6957	0.00
6958	3733.33
6959	3733.33
6960	3733.33
6961	0.00
6962	0.00
6963	0.00
6964	0.00
6965	0.00
6966	0.00
6967	0.00
6968	3733.33
6969	3733.33
6970	3733.33
6971	3733.33
6972	0.00
6973	0.00
6974	0.00
6975	0.00
6976	0.00
6977	0.00
6978	0.00
6979	0.00
6980	0.00
6981	0.00
6982	0.00
6983	3733.33
6984	3733.33
6985	3733.33
6986	0.00
6987	0.00
6988	0.00
6989	0.00
6990	0.00
6991	3733.33
6992	3733.33
6993	3733.33
6994	3733.33
6995	3733.33
6996	0.00
6997	0.00
6998	0.00
6999	0.00
7000	0.00
7001	0.00
7002	0.00
7003	0.00
7004	0.00
7005	0.00
7006	3733.33
7007	3733.33
7008	3733.33
7009	0.00
7010	0.00
7011	0.00
7012	0.00
7013	0.00
7014	0.00
7015	3733.33
7016	3733.33
7017	3733.33
7018	3733.33
7019	3733.33
7020	0.00
7021	0.00
7022	0.00
7023	0.00
7024	0.00
7025	0.00
7026	3733.33
7027	3733.33
7028	3733.33
7029	3733.33
7030	0.00
7031	0.00
7032	0.00
7033	0.00
7034	0.00
7035	0.00
7036	0.00
7037	0.00
7038	3733.33
7039	3733.33
7040	3733.33
7041	3733.33
7042	3733.33
7043	3733.33
7044	0.00
7045	0.00
7046	0.00
7047	3733.33
7048	3733.33
7049	3733.33
7050	3733.33
7051	3733.33
7052	0.00
7053	0.00
7054	0.00
7055	0.00
7056	0.00
7057	0.00
7058	0.00
7059	0.00
7060	0.00
7061	0.00
7062	3733.33
7063	3733.33
7064	3733.33
7065	3733.33
7066	3733.33
7067	3733.33
7068	0.00
7069	0.00
7070	0.00
7071	0.00
7072	0.00
7073	0.00
7074	0.00
7075	3733.33
7076	3733.33
7077	3733.33
7078	3733.33
7079	0.00
7080	0.00
7081	0.00
7082	0.00
7083	0.00
7084	0.00
7085	0.00
7086	0.00
7087	0.00
7088	3733.33
7089	3733.33
7090	3733.33
7091	3733.33
7092	0.00
7093	0.00
7094	0.00
7095	0.00
7096	0.00
7097	0.00
7098	0.00
7099	0.00
7100	0.00
7101	3733.33
7102	3733.33
7103	3733.33
7104	3733.33
7105	0.00
7106	0.00
7107	0.00
7108	0.00
7109	0.00
7110	0.00
7111	0.00
7112	0.00
7113	0.00
7114	0.00
7115	0.00
7116	0.00
7117	0.00
7118	0.00
7119	0.00
7120	3733.33
7121	3733.33
7122	3733.33
7123	3733.33
7124	0.00
7125	0.00
7126	0.00
7127	0.00
7128	0.00
7129	0.00
7130	0.00
7131	0.00
7132	0.00
7133	0.00
7134	3733.33
7135	3733.33
7136	3733.33
7137	3733.33
7138	0.00
7139	0.00
7140	0.00
7141	0.00
7142	0.00
7143	0.00
7144	0.00
7145	0.00
7146	0.00
7147	0.00
7148	3733.33
7149	3733.33
7150	3733.33
7151	3733.33
7152	3733.33
7153	0.00
7154	0.00
7155	0.00
7156	0.00
7157	0.00
7158	0.00
7159	0.00
7160	3733.33
7161	3733.33
7162	3733.33
7163	3733.33
7164	0.00
7165	0.00
7166	0.00
7167	0.00
7168	0.00
7169	0.00
7170	3733.33
7171	3733.33
7172	3733.33
7173	3733.33
7174	3733.33
7175	0.00
7176	0.00
7177	0.00
7178	0.00
7179	0.00
7180	0.00
7181	0.00
7182	3733.33
7183	3733.33
7184	3733.33
7185	3733.33
7186	3733.33
7187	3733.33
7188	0.00
7189	0.00
7190	3733.33
7191	3733.33
7192	3733.33
7193	3733.33
7194	3733.33
7195	3733.33
7196	0.00
7197	0.00
7198	3733.33
7199	3733.33
7200	3733.33
7201	3733.33
7202	0.00
7203	0.00
7204	0.00
7205	0.00
7206	0.00
7207	0.00
7208	3733.33
7209	3733.33
7210	3733.33
7211	3733.33
7212	3733.33
7213	0.00
7214	0.00
7215	0.00
7216	0.00
7217	0.00
7218	0.00
7219	3733.33
7220	3733.33
7221	3733.33
7222	3733.33
7223	3733.33
7224	0.00
7225	0.00
7226	0.00
7227	0.00
7228	0.00
7229	0.00
7230	0.00
7231	0.00
7232	3733.33
7233	3733.33
7234	3733.33
7235	3733.33
7236	0.00
7237	0.00
7238	0.00
7239	0.00
7240	0.00
7241	0.00
7242	0.00
7243	3733.33
7244	3733.33
7245	3733.33
7246	3733.33
7247	0.00
7248	0.00
7249	0.00
7250	0.00
7251	0.00
7252	0.00
7253	0.00
7254	3733.33
7255	3733.33
7256	3733.33
7257	3733.33
7258	3733.33
7259	0.00
7260	0.00
7261	3733.33
7262	3733.33
7263	3733.33
7264	3733.33
7265	3733.33
7266	0.00
7267	0.00
7268	3733.33
7269	3733.33
7270	3733.33
7271	3733.33
7272	0.00
7273	0.00
7274	0.00
7275	0.00
7276	0.00
7277	0.00
7278	3733.33
7279	3733.33
7280	3733.33
7281	3733.33
7282	3733.33
7283	0.00
7284	0.00
7285	3733.33
7286	3733.33
7287	3733.33
7288	3733.33
7289	3733.33
7290	0.00
7291	0.00
7292	3733.33
7293	3733.33
7294	3733.33
7295	3733.33
7296	0.00
7297	0.00
7298	0.00
7299	3733.33
7300	3733.33
7301	3733.33
7302	3733.33
7303	3733.33
7304	0.00
7305	0.00
7306	0.00
7307	3733.33
7308	3733.33
7309	3733.33
7310	3733.33
7311	3733.33
7312	0.00
7313	0.00
7314	0.00
7315	0.00
7316	3733.33
7317	3733.33
7318	3733.33
7319	3733.33
7320	0.00
7321	0.00
7322	0.00
7323	0.00
7324	0.00
7325	0.00
7326	0.00
7327	3733.33
7328	3733.33
7329	3733.33
7330	3733.33
7331	0.00
7332	0.00
7333	0.00
7334	0.00
7335	3733.33
7336	3733.33
7337	3733.33
7338	3733.33
7339	3733.33
7340	3733.33
7341	0.00
7342	0.00
7343	0.00
7344	0.00
7345	0.00
7346	0.00
7347	0.00
7348	0.00
7349	0.00
7350	3733.33
7351	3733.33
7352	3733.33
7353	3733.33
7354	3733.33
7355	0.00
7356	0.00
7357	3733.33
7358	3733.33
7359	3733.33
7360	3733.33
7361	0.00
7362	0.00
7363	0.00
7364	0.00
7365	0.00
7366	3733.33
7367	3733.33
7368	3733.33
7369	0.00
7370	0.00
7371	0.00
7372	0.00
7373	0.00
7374	0.00
7375	3733.33
7376	3733.33
7377	3733.33
7378	3733.33
7379	3733.33
7380	3733.33
7381	0.00
7382	0.00
7383	0.00
7384	0.00
7385	0.00
7386	3733.33
7387	3733.33
7388	3733.33
7389	3733.33
7390	3733.33
7391	0.00
7392	0.00
7393	0.00
7394	0.00
7395	0.00
7396	0.00
7397	0.00
7398	0.00
7399	3733.33
7400	3733.33
7401	3733.33
7402	3733.33
7403	3733.33
7404	0.00
7405	0.00
7406	0.00
7407	0.00
7408	0.00
7409	0.00
7410	0.00
7411	0.00
7412	3733.33
7413	3733.33
7414	3733.33
7415	3733.33
7416	3733.33
7417	0.00
7418	0.00
7419	0.00
7420	0.00
7421	0.00
7422	0.00
7423	3733.33
7424	3733.33
7425	3733.33
7426	3733.33
7427	0.00
7428	0.00
7429	0.00
7430	3733.33
7431	3733.33
7432	3733.33
7433	3733.33
7434	3733.33
7435	3733.33
7436	0.00
7437	0.00
7438	0.00
7439	0.00
7440	3733.33
7441	3733.33
7442	3733.33
7443	0.00
7444	0.00
7445	0.00
7446	0.00
7447	3733.33
7448	3733.33
7449	3733.33
7450	3733.33
7451	3733.33
7452	0.00
7453	0.00
7454	0.00
7455	3733.33
7456	3733.33
7457	3733.33
7458	3733.33
7459	3733.33
7460	3733.33
7461	0.00
7462	0.00
7463	0.00
7464	0.00
7465	0.00
7466	0.00
7467	0.00
7468	3733.33
7469	3733.33
7470	3733.33
7471	3733.33
7472	3733.33
7473	3733.33
7474	0.00
7475	0.00
7476	0.00
7477	0.00
7478	3733.33
7479	3733.33
7480	3733.33
7481	3733.33
7482	3733.33
7483	0.00
7484	0.00
7485	0.00
7486	0.00
7487	0.00
7488	3733.33
7489	3733.33
7490	3733.33
7491	0.00
7492	0.00
7493	0.00
7494	0.00
7495	0.00
7496	3733.33
7497	3733.33
7498	3733.33
7499	3733.33
7500	3733.33
7501	0.00
7502	0.00
7503	0.00
7504	0.00
7505	3733.33
7506	3733.33
7507	3733.33
7508	3733.33
7509	0.00
7510	0.00
7511	0.00
7512	0.00
7513	0.00
7514	3733.33
7515	3733.33
7516	3733.33
7517	0.00
7518	0.00
7519	0.00
7520	3733.33
7521	3733.33
7522	3733.33
7523	3733.33
7524	0.00
7525	0.00
7526	0.00
7527	0.00
7528	3733.33
7529	3733.33
7530	3733.33
7531	3733.33
7532	3733.33
7533	0.00
7534	0.00
7535	3733.33
7536	3733.33
7537	3733.33
7538	0.00
7539	0.00
7540	0.00
7541	0.00
7542	0.00
7543	0.00
7544	3733.33
7545	3733.33
7546	3733.33
7547	3733.33
7548	3733.33
7549	0.00
7550	0.00
7551	0.00
7552	0.00
7553	0.00
7554	0.00
7555	3733.33
7556	3733.33
7557	3733.33
7558	3733.33
7559	3733.33
7560	0.00
7561	0.00
7562	0.00
7563	0.00
7564	0.00
7565	0.00
7566	0.00
7567	0.00
7568	3733.33
7569	3733.33
7570	3733.33
7571	3733.33
7572	0.00
7573	0.00
7574	0.00
7575	0.00
7576	0.00
7577	0.00
7578	0.00
7579	3733.33
7580	3733.33
7581	3733.33
7582	3733.33
7583	3733.33
7584	0.00
7585	0.00
7586	0.00
7587	0.00
7588	0.00
7589	0.00
7590	0.00
7591	3733.33
7592	3733.33
7593	3733.33
7594	3733.33
7595	0.00
7596	0.00
7597	3733.33
7598	3733.33
7599	3733.33
7600	3733.33
7601	3733.33
7602	0.00
7603	0.00
7604	0.00
7605	3733.33
7606	3733.33
7607	3733.33
7608	3733.33
7609	0.00
7610	0.00
7611	0.00
7612	0.00
7613	0.00
7614	0.00
7615	3733.33
7616	3733.33
7617	3733.33
7618	3733.33
7619	0.00
7620	0.00
7621	3733.33
7622	3733.33
7623	3733.33
7624	3733.33
7625	0.00
7626	0.00
7627	3733.33
7628	3733.33
7629	3733.33
7630	3733.33
7631	3733.33
7632	0.00
7633	0.00
7634	0.00
7635	0.00
7636	0.00
7637	0.00
7638	3733.33
7639	3733.33
7640	3733.33
7641	3733.33
7642	0.00
7643	0.00
7644	3733.33
7645	3733.33
7646	3733.33
7647	3733.33
7648	0.00
7649	0.00
7650	3733.33
7651	3733.33
7652	3733.33
7653	3733.33
7654	3733.33
7655	0.00
7656	0.00
7657	0.00
7658	0.00
7659	0.00
7660	0.00
7661	0.00
7662	3733.33
7663	3733.33
7664	3733.33
7665	3733.33
7666	3733.33
7667	3733.33
7668	0.00
7669	0.00
7670	0.00
7671	0.00
7672	0.00
7673	3733.33
7674	3733.33
7675	3733.33
7676	3733.33
7677	3733.33
7678	0.00
7679	0.00
7680	0.00
7681	0.00
7682	0.00
7683	0.00
7684	0.00
7685	0.00
7686	0.00
7687	3733.33
7688	3733.33
7689	3733.33
7690	3733.33
7691	3733.33
7692	0.00
7693	0.00
7694	0.00
7695	0.00
7696	3733.33
7697	3733.33
7698	3733.33
7699	3733.33
7700	3733.33
7701	0.00
7702	0.00
7703	3733.33
7704	3733.33
7705	3733.33
7706	3733.33
7707	0.00
7708	0.00
7709	0.00
7710	0.00
7711	3733.33
7712	3733.33
7713	3733.33
7714	3733.33
7715	3733.33
7716	0.00
7717	0.00
7718	3733.33
7719	3733.33
7720	3733.33
7721	3733.33
7722	3733.33
7723	3733.33
7724	0.00
7725	0.00
7726	3733.33
7727	3733.33
7728	3733.33
7729	3733.33
7730	3733.33
7731	3733.33
7732	0.00
7733	0.00
7734	0.00
7735	3733.33
7736	3733.33
7737	3733.33
7738	3733.33
7739	3733.33
7740	0.00
7741	0.00
7742	3733.33
7743	3733.33
7744	3733.33
7745	3733.33
7746	3733.33
7747	3733.33
7748	0.00
7749	0.00
7750	3733.33
7751	3733.33
7752	3733.33
7753	3733.33
7754	3733.33
7755	3733.33
7756	0.00
7757	0.00
7758	0.00
7759	3733.33
7760	3733.33
7761	3733.33
7762	3733.33
7763	3733.33
7764	3733.33
7765	0.00
7766	0.00
7767	3733.33
7768	3733.33
7769	3733.33
7770	3733.33
7771	3733.33
7772	3733.33
7773	0.00
7774	0.00
7775	3733.33
7776	3733.33
7777	3733.33
7778	3733.33
7779	0.00
7780	0.00
7781	0.00
7782	0.00
7783	3733.33
7784	3733.33
7785	3733.33
7786	3733.33
7787	3733.33
7788	0.00
7789	0.00
7790	3733.33
7791	3733.33
7792	3733.33
7793	3733.33
7794	3733.33
7795	0.00
7796	0.00
7797	3733.33
7798	3733.33
7799	3733.33
7800	3733.33
7801	3733.33
7802	0.00
7803	0.00
7804	3733.33
7805	3733.33
7806	3733.33
7807	3733.33
7808	3733.33
7809	3733.33
7810	0.00
7811	0.00
7812	3733.33
7813	3733.33
7814	3733.33
7815	3733.33
7816	3733.33
7817	3733.33
7818	0.00
7819	0.00
7820	3733.33
7821	3733.33
7822	3733.33
7823	3733.33
7824	3733.33
7825	0.00
7826	0.00
7827	3733.33
7828	3733.33
7829	3733.33
7830	3733.33
7831	3733.33
7832	3733.33
7833	0.00
7834	0.00
7835	3733.33
7836	3733.33
7837	3733.33
7838	3733.33
7839	0.00
7840	0.00
7841	3733.33
7842	3733.33
7843	3733.33
7844	3733.33
7845	3733.33
7846	3733.33
7847	0.00
7848	0.00
7849	3733.33
7850	3733.33
7851	3733.33
7852	3733.33
7853	0.00
7854	0.00
7855	3733.33
7856	3733.33
7857	3733.33
7858	3733.33
7859	3733.33
7860	3733.33
7861	3733.33
7862	0.00
7863	0.00
7864	3733.33
7865	3733.33
7866	3733.33
7867	3733.33
7868	0.00
7869	0.00
7870	3733.33
7871	3733.33
7872	3733.33
7873	3733.33
7874	3733.33
7875	3733.33
7876	0.00
7877	0.00
7878	3733.33
7879	3733.33
7880	3733.33
7881	3733.33
7882	3733.33
7883	0.00
7884	0.00
7885	3733.33
7886	3733.33
7887	3733.33
7888	3733.33
7889	3733.33
7890	0.00
7891	0.00
7892	3733.33
7893	3733.33
7894	3733.33
7895	3733.33
7896	3733.33
7897	3733.33
7898	0.00
7899	0.00
7900	3733.33
7901	3733.33
7902	3733.33
7903	3733.33
7904	3733.33
7905	0.00
7906	0.00
7907	3733.33
7908	3733.33
7909	3733.33
7910	3733.33
7911	3733.33
7912	3733.33
7913	0.00
7914	0.00
7915	3733.33
7916	3733.33
7917	3733.33
7918	3733.33
7919	3733.33
7920	3733.33
7921	3733.33
7922	0.00
7923	0.00
7924	3733.33
7925	3733.33
7926	3733.33
7927	3733.33
7928	3733.33
7929	3733.33
7930	0.00
7931	0.00
7932	3733.33
7933	3733.33
7934	3733.33
7935	3733.33
7936	3733.33
7937	0.00
7938	0.00
7939	3733.33
7940	3733.33
7941	3733.33
7942	3733.33
7943	3733.33
7944	3733.33
7945	0.00
7946	0.00
7947	3733.33
7948	3733.33
7949	3733.33
7950	3733.33
7951	3733.33
7952	0.00
7953	0.00
7954	3733.33
7955	3733.33
7956	3733.33
7957	3733.33
7958	3733.33
7959	3733.33
7960	0.00
7961	0.00
7962	3733.33
7963	3733.33
7964	3733.33
7965	3733.33
7966	3733.33
7967	3733.33
7968	0.00
7969	0.00
7970	3733.33
7971	3733.33
7972	3733.33
7973	3733.33
7974	3733.33
7975	0.00
7976	0.00
7977	3733.33
7978	3733.33
7979	3733.33
7980	3733.33
7981	3733.33
7982	3733.33
7983	0.00
7984	0.00
7985	3733.33
7986	3733.33
7987	3733.33
7988	3733.33
7989	3733.33
7990	0.00
7991	0.00
7992	3733.33
7993	3733.33
7994	3733.33
7995	3733.33
7996	0.00
7997	0.00
7998	3733.33
7999	3733.33
8000	3733.33
8001	3733.33
8002	3733.33
8003	0.00
8004	0.00
8005	3733.33
8006	3733.33
8007	3733.33
8008	3733.33
8009	3733.33
8010	0.00
8011	0.00
8012	3733.33
8013	3733.33
8014	3733.33
8015	3733.33
8016	3733.33
8017	0.00
8018	0.00
8019	3733.33
8020	3733.33
8021	3733.33
8022	3733.33
8023	3733.33
8024	3733.33
8025	0.00
8026	0.00
8027	3733.33
8028	3733.33
8029	3733.33
8030	3733.33
8031	3733.33
8032	3733.33
8033	0.00
8034	0.00
8035	3733.33
8036	3733.33
8037	3733.33
8038	3733.33
8039	3733.33
8040	0.00
8041	0.00
8042	3733.33
8043	3733.33
8044	3733.33
8045	3733.33
8046	3733.33
8047	0.00
8048	0.00
8049	3733.33
8050	3733.33
8051	3733.33
8052	3733.33
8053	3733.33
8054	0.00
8055	0.00
8056	3733.33
8057	3733.33
8058	3733.33
8059	3733.33
8060	3733.33
8061	3733.33
8062	0.00
8063	0.00
8064	3733.33
8065	3733.33
8066	3733.33
8067	3733.33
8068	0.00
8069	0.00
8070	3733.33
8071	3733.33
8072	3733.33
8073	3733.33
8074	3733.33
8075	3733.33
8076	0.00
8077	0.00
8078	3733.33
8079	3733.33
8080	3733.33
8081	3733.33
8082	3733.33
8083	0.00
8084	0.00
8085	3733.33
8086	3733.33
8087	3733.33
8088	3733.33
8089	0.00
8090	0.00
8091	3733.33
8092	3733.33
8093	3733.33
8094	3733.33
8095	3733.33
8096	3733.33
8097	0.00
8098	0.00
8099	3733.33
8100	3733.33
8101	3733.33
8102	3733.33
8103	3733.33
8104	0.00
8105	0.00
8106	3733.33
8107	3733.33
8108	3733.33
8109	3733.33
8110	3733.33
8111	3733.33
8112	0.00
8113	0.00
8114	3733.33
8115	3733.33
8116	3733.33
8117	3733.33
8118	3733.33
8119	0.00
8120	0.00
8121	3733.33
8122	3733.33
8123	3733.33
8124	3733.33
8125	0.00
8126	0.00
8127	3733.33
8128	3733.33
8129	3733.33
8130	3733.33
8131	3733.33
8132	0.00
8133	0.00
8134	3733.33
8135	3733.33
8136	3733.33
8137	3733.33
8138	3733.33
8139	0.00
8140	0.00
8141	3733.33
8142	3733.33
8143	3733.33
8144	3733.33
8145	3733.33
8146	3733.33
8147	3733.33
8148	0.00
8149	0.00
8150	0.00
8151	3733.33
8152	3733.33
8153	3733.33
8154	3733.33
8155	0.00
8156	0.00
8157	3733.33
8158	3733.33
8159	3733.33
8160	3733.33
8161	0.00
8162	0.00
8163	0.00
8164	0.00
8165	0.00
8166	0.00
8167	0.00
8168	3733.33
8169	3733.33
8170	3733.33
8171	3733.33
8172	3733.33
8173	0.00
8174	0.00
8175	0.00
8176	0.00
8177	0.00
8178	3733.33
8179	3733.33
8180	3733.33
8181	3733.33
8182	3733.33
8183	0.00
8184	0.00
8185	0.00
8186	0.00
8187	0.00
8188	0.00
8189	0.00
8190	3733.33
8191	3733.33
8192	3733.33
8193	3733.33
8194	0.00
8195	0.00
8196	3733.33
8197	3733.33
8198	3733.33
8199	3733.33
8200	3733.33
8201	0.00
8202	0.00
8203	3733.33
8204	3733.33
8205	3733.33
8206	3733.33
8207	3733.33
8208	3733.33
8209	0.00
8210	0.00
8211	0.00
8212	0.00
8213	0.00
8214	3733.33
8215	3733.33
8216	3733.33
8217	3733.33
8218	3733.33
8219	0.00
8220	0.00
8221	3733.33
8222	3733.33
8223	3733.33
8224	3733.33
8225	3733.33
8226	0.00
8227	0.00
8228	3733.33
8229	3733.33
8230	3733.33
8231	3733.33
8232	3733.33
8233	0.00
8234	0.00
8235	3733.33
8236	3733.33
8237	3733.33
8238	3733.33
8239	3733.33
8240	3733.33
8241	3733.33
8242	0.00
8243	0.00
8244	3733.33
8245	3733.33
8246	3733.33
8247	3733.33
8248	3733.33
8249	3733.33
8250	0.00
8251	0.00
8252	3733.33
8253	3733.33
8254	3733.33
8255	3733.33
8256	3733.33
8257	3733.33
8258	0.00
8259	0.00
8260	3733.33
8261	3733.33
8262	3733.33
8263	3733.33
8264	0.00
8265	0.00
8266	3733.33
8267	3733.33
8268	3733.33
8269	3733.33
8270	3733.33
8271	0.00
8272	0.00
8273	3733.33
8274	3733.33
8275	3733.33
8276	3733.33
8277	3733.33
8278	3733.33
8279	0.00
8280	0.00
8281	3733.33
8282	3733.33
8283	3733.33
8284	3733.33
8285	0.00
8286	0.00
8287	3733.33
8288	3733.33
8289	3733.33
8290	3733.33
8291	3733.33
8292	3733.33
8293	0.00
8294	0.00
8295	3733.33
8296	3733.33
8297	3733.33
8298	3733.33
8299	0.00
8300	0.00
8301	3733.33
8302	3733.33
8303	3733.33
8304	3733.33
8305	3733.33
8306	0.00
8307	0.00
8308	3733.33
8309	3733.33
8310	3733.33
8311	3733.33
8312	3733.33
8313	0.00
8314	0.00
8315	3733.33
8316	3733.33
8317	3733.33
8318	3733.33
8319	3733.33
8320	3733.33
8321	3733.33
8322	0.00
8323	0.00
8324	3733.33
8325	3733.33
8326	3733.33
8327	3733.33
8328	3733.33
8329	0.00
8330	0.00
8331	3733.33
8332	3733.33
8333	3733.33
8334	3733.33
8335	3733.33
8336	3733.33
8337	0.00
8338	0.00
8339	3733.33
8340	3733.33
8341	3733.33
8342	3733.33
8343	0.00
8344	0.00
8345	3733.33
8346	3733.33
8347	3733.33
8348	3733.33
8349	3733.33
8350	0.00
8351	0.00
8352	3733.33
8353	3733.33
8354	3733.33
8355	3733.33
8356	3733.33
8357	0.00
8358	0.00
8359	3733.33
8360	3733.33
8361	3733.33
8362	3733.33
8363	3733.33
8364	3733.33
8365	0.00
8366	0.00
8367	3733.33
8368	3733.33
8369	3733.33
8370	3733.33
8371	3733.33
8372	3733.33
8373	0.00
8374	0.00
8375	3733.33
8376	3733.33
8377	3733.33
8378	3733.33
8379	3733.33
8380	3733.33
8381	0.00
8382	0.00
8383	3733.33
8384	3733.33
8385	3733.33
8386	3733.33
8387	3733.33
8388	0.00
8389	0.00
8390	3733.33
8391	3733.33
8392	3733.33
8393	3733.33
8394	0.00
8395	0.00
8396	3733.33
8397	3733.33
8398	3733.33
8399	3733.33
8400	3733.33
8401	0.00
8402	0.00
8403	3733.33
8404	3733.33
8405	3733.33
8406	3733.33
8407	3733.33
8408	0.00
8409	0.00
8410	3733.33
8411	3733.33
8412	3733.33
8413	3733.33
8414	3733.33
8415	3733.33
8416	0.00
8417	0.00
8418	3733.33
8419	3733.33
8420	3733.33
8421	3733.33
8422	3733.33
8423	3733.33
8424	3733.33
8425	0.00
8426	0.00
8427	3733.33
8428	3733.33
8429	3733.33
8430	3733.33
8431	3733.33
8432	3733.33
8433	3733.33
8434	0.00
8435	0.00
8436	3733.33
8437	3733.33
8438	3733.33
8439	3733.33
8440	3733.33
8441	3733.33
8442	0.00
8443	0.00
8444	3733.33
8445	3733.33
8446	3733.33
8447	3733.33
8448	3733.33
8449	3733.33
8450	0.00
8451	0.00
8452	3733.33
8453	3733.33
8454	3733.33
8455	3733.33
8456	3733.33
8457	3733.33
8458	0.00
8459	0.00
8460	3733.33
8461	3733.33
8462	3733.33
8463	3733.33
8464	0.00
8465	0.00
8466	3733.33
8467	3733.33
8468	3733.33
8469	3733.33
8470	3733.33
8471	3733.33
8472	3733.33
8473	0.00
8474	0.00
8475	3733.33
8476	3733.33
8477	3733.33
8478	3733.33
8479	3733.33
8480	0.00
8481	0.00
8482	3733.33
8483	3733.33
8484	3733.33
8485	3733.33
8486	3733.33
8487	0.00
8488	0.00
8489	3733.33
8490	3733.33
8491	3733.33
8492	3733.33
8493	3733.33
8494	3733.33
8495	0.00
8496	0.00
8497	3733.33
8498	3733.33
8499	3733.33
8500	3733.33
8501	3733.33
8502	3733.33
8503	0.00
8504	0.00
8505	3733.33
8506	3733.33
8507	3733.33
8508	3733.33
8509	0.00
8510	0.00
8511	3733.33
8512	3733.33
8513	3733.33
8514	3733.33
8515	3733.33
8516	3733.33
8517	0.00
8518	0.00
8519	3733.33
8520	3733.33
8521	3733.33
8522	3733.33
8523	3733.33
8524	3733.33
8525	3733.33
8526	0.00
8527	0.00
8528	3733.33
8529	3733.33
8530	3733.33
8531	3733.33
8532	0.00
8533	0.00
8534	3733.33
8535	3733.33
8536	3733.33
8537	3733.33
8538	3733.33
8539	0.00
8540	0.00
8541	3733.33
8542	3733.33
8543	3733.33
8544	3733.33
8545	3733.33
8546	0.00
8547	0.00
8548	3733.33
8549	3733.33
8550	3733.33
8551	3733.33
8552	3733.33
8553	3733.33
8554	3733.33
8555	0.00
8556	0.00
8557	3733.33
8558	3733.33
8559	3733.33
8560	3733.33
8561	3733.33
8562	3733.33
8563	0.00
8564	0.00
8565	3733.33
8566	3733.33
8567	3733.33
8568	3733.33
8569	3733.33
8570	0.00
8571	0.00
8572	3733.33
8573	3733.33
8574	3733.33
8575	3733.33
8576	3733.33
8577	3733.33
8578	0.00
8579	0.00
8580	3733.33
8581	3733.33
8582	3733.33
8583	3733.33
8584	0.00
8585	0.00
8586	3733.33
8587	3733.33
8588	3733.33
8589	3733.33
8590	3733.33
8591	3733.33
8592	0.00
8593	0.00
8594	3733.33
8595	3733.33
8596	3733.33
8597	3733.33
8598	0.00
8599	0.00
8600	3733.33
8601	3733.33
8602	3733.33
8603	3733.33
8604	3733.33
8605	3733.33
8606	0.00
8607	0.00
8608	3733.33
8609	3733.33
8610	3733.33
8611	3733.33
8612	3733.33
8613	3733.33
8614	0.00
8615	0.00
8616	3733.33
8617	3733.33
8618	3733.33
8619	3733.33
8620	3733.33
8621	3733.33
8622	0.00
8623	0.00
8624	3733.33
8625	3733.33
8626	3733.33
8627	3733.33
8628	3733.33
8629	3733.33
8630	0.00
8631	0.00
8632	3733.33
8633	3733.33
8634	3733.33
8635	3733.33
8636	0.00
8637	0.00
8638	3733.33
8639	3733.33
8640	3733.33
8641	3733.33
8642	3733.33
8643	0.00
8644	0.00
8645	3733.33
8646	3733.33
8647	3733.33
8648	3733.33
8649	3733.33
8650	0.00
8651	0.00
8652	3733.33
8653	3733.33
8654	3733.33
8655	3733.33
8656	0.00
8657	0.00
8658	3733.33
8659	3733.33
8660	3733.33
8661	3733.33
8662	3733.33
8663	0.00
8664	0.00
8665	3733.33
8666	3733.33
8667	3733.33
8668	3733.33
8669	3733.33
8670	0.00
8671	0.00
8672	3733.33
8673	3733.33
8674	3733.33
8675	3733.33
8676	3733.33
8677	0.00
8678	0.00
8679	3733.33
8680	3733.33
8681	3733.33
8682	3733.33
8683	3733.33
8684	0.00
8685	0.00
8686	3733.33
8687	3733.33
8688	3733.33
8689	3733.33
8690	0.00
8691	0.00
8692	3733.33
8693	3733.33
8694	3733.33
8695	3733.33
8696	0.00
8697	0.00
8698	3733.33
8699	3733.33
8700	3733.33
8701	3733.33
8702	3733.33
8703	0.00
8704	0.00
8705	3733.33
8706	3733.33
8707	3733.33
8708	3733.33
8709	3733.33
8710	0.00
8711	0.00
8712	3733.33
8713	3733.33
8714	3733.33
8715	3733.33
8716	3733.33
8717	3733.33
8718	3733.33
8719	0.00
8720	0.00
8721	3733.33
8722	3733.33
8723	3733.33
8724	3733.33
8725	0.00
8726	0.00
8727	3733.33
8728	3733.33
8729	3733.33
8730	3733.33
8731	0.00
8732	0.00
8733	3733.33
8734	3733.33
8735	3733.33
8736	3733.33
8737	0.00
8738	0.00
8739	3733.33
8740	3733.33
8741	3733.33
8742	3733.33
8743	0.00
8744	0.00
8745	3733.33
8746	3733.33
8747	3733.33
8748	3733.33
8749	3733.33
8750	0.00
8751	0.00
8752	3733.33
8753	3733.33
8754	3733.33
8755	3733.33
8756	3733.33
8757	0.00
8758	0.00
8760	3733.33
